2.997726737310068046e+01 4.503727207297836088e+01 6.003489425980941974e+01
2.983316033289485958e+01 4.514908472472411205e+01 6.013515568206690176e+01
2.964018023336372210e+01 4.513849320113344277e+01 6.010950830290108371e+01
2.939999246476055461e+01 4.500780913299048080e+01 5.995552323975264386e+01
2.911633059613811980e+01 4.475865349190666365e+01 5.967193123540202748e+01
2.879642677845381016e+01 4.439210182192211107e+01 5.925852172240146842e+01
2.844742216325760964e+01 4.390893119468197625e+01 5.871592848081463245e+01
2.807428998138290410e+01 4.330966904943942097e+01 5.804558088968214236e+01
2.768035111725917474e+01 4.259470730098074398e+01 5.724956394719087172e+01
2.726748017303912519e+01 4.176450304303688199e+01 5.633035060689753948e+01
2.683630550154538597e+01 4.081964270716637344e+01 5.529066740538656433e+01
2.638645803916410060e+01 3.976102002517918521e+01 5.413330999040665148e+01
2.591676856806747864e+01 3.858985510600408020e+01 5.286101164193166113e+01
2.542555451014577628e+01 3.730790075269789696e+01 5.147619436198551313e+01
2.491060893848674951e+01 3.591764915069008168e+01 4.998078962931254665e+01
2.436946933475112331e+01 3.442235760758896390e+01 4.837616407184941636e+01
2.379944868414342807e+01 3.282624823870860808e+01 4.666297841221818743e+01
2.319054264718059244e+01 3.113973437650079390e+01 4.485469816296269130e+01
2.252958297132351717e+01 2.937824747734248731e+01 4.297295063245676516e+01
2.180612458512636920e+01 2.755864627141257728e+01 4.103753766248249946e+01
2.101313351403101493e+01 2.569887765899735399e+01 3.906604853033886116e+01
2.014695356324348552e+01 2.381774330709529508e+01 3.707437750749787142e+01
1.920747722745765884e+01 2.193436781369136312e+01 3.507643273291667896e+01
1.819784025548369755e+01 2.006747894989613101e+01 3.308462913336100542e+01
1.712411552074006238e+01 1.823508965922814440e+01 3.111034452849294141e+01
1.599499694369404068e+01 1.645400642380503697e+01 2.916415247025814494e+01
1.482161492219180410e+01 1.473942745998156845e+01 2.725531025894052206e+01
1.361707486966902891e+01 1.310446995727100727e+01 2.539213489835658066e+01
1.239566123006918552e+01 1.155999026595388379e+01 2.358251646963759285e+01
1.117221215779496291e+01 1.011453089193315158e+01 2.183375583267264730e+01
9.961813689358329782e+00 8.774171420251242637e+00 2.015237526078432850e+01
8.779174388166808285e+00 7.542532228340402156e+00 1.854402839834646954e+01
7.637970275330784098e+00 6.420992543791824936e+00 1.701371271551387920e+01
6.550414154274666778e+00 5.408811694833710604e+00 1.556556212064874778e+01
5.526921981433549291e+00 4.503367985410319463e+00 1.420260475419603630e+01
4.575659020494039275e+00 3.700407867062054823e+00 1.292682516139875304e+01
3.702582148994714828e+00 2.994449649378568168e+00 1.173894927969187307e+01
2.911353206577228736e+00 2.379103792034447995e+00 1.063847421956163330e+01
2.203398594931760268e+00 1.847290356703680025e+00 9.623837295638287159e+00
1.578044642951318854e+00 1.391605459334365413e+00 8.692504424539270858e+00
1.032846355899830870e+00 1.004590144079110736e+00 7.841053276998971810e+00
5.639379525663870130e-01 6.789150395098418889e-01 7.065425851078904529e+00
1.664198417044646383e-01 4.075364315788874148e-01 6.361104801313339330e+00
-1.653442584824172945e-01 1.838444402541680456e-01 5.723266724936916461e+00
-4.375335841529308101e-01 1.764916879746438513e-03 5.146968867620350885e+00
-6.564002450711646786e-01 -1.443002984921890330e-01 4.627265100230110839e+00
-8.281142881013302537e-01 -2.594237907694968981e-01 4.159274994133531855e+00
-9.586899634497276779e-01 -3.480616139527310526e-01 3.738356819056914748e+00
-1.053836693706782457e+00 -4.141808023288479079e-01 3.360125182248131726e+00
-1.118750572271846266e+00 -4.613588476069637734e-01 3.020488226367090689e+00
-1.158174590846763330e+00 -4.926797642654503484e-01 2.715616365155352430e+00
-1.176392137728709875e+00 -5.108522528488694814e-01 2.441990499445295448e+00
-1.177150183086972612e+00 -5.182454086693422113e-01 2.196385683399175726e+00
-1.163815349653297915e+00 -5.168407453070726909e-01 1.975868883705868440e+00
-1.139320869281910786e+00 -5.083079134242483033e-01 1.777758429955381914e+00
-1.106122382279272953e+00 -4.941120376702602401e-01 1.599613216482422162e+00
-1.066358367474500080e+00 -4.755071452194123971e-01 1.439346491751787971e+00
-1.021875173423481664e+00 -4.535954739943641734e-01 1.295078603794040273e+00
-9.742009391236841065e-01 -4.292642038030752838e-01 1.165078368098691586e+00
-9.245217292570984124e-01 -4.032980788701300834e-01 1.047849177095020012e+00
-8.739088949678194274e-01 -3.763534225841320136e-01 9.420401063785490692e-01
-8.231773080218219851e-01 -3.489195522747414735e-01 8.464853155861393752e-01
-7.729516462892562778e-01 -3.213836551944730391e-01 7.600584035465296484e-01
-7.237883896898348324e-01 -2.940905202807308494e-01 6.817552821642064442e-01
-6.760640556848709348e-01 -2.672832712572819625e-01 6.107142818367261583e-01
-6.300510284515966619e-01 -2.411943485570247903e-01 5.462511204752553695e-01
-5.859663985484286908e-01 -2.160293276036987786e-01 4.876940805429104131e-01
-5.439850858683713541e-01 -1.919379106832345971e-01 4.343838874924915716e-01
-5.041885260067890950e-01 -1.689255448730778153e-01 3.857872580504880244e-01
-4.665768274711590835e-01 -1.469950396498573286e-01 3.414969223901308526e-01
-4.311870002333818563e-01 -1.262438738761590962e-01 3.010246784416726329e-01
-3.979945413673723897e-01 -1.066974931606229360e-01 2.639776295914849080e-01
-3.669124652636097106e-01 -8.834202194518619988e-02 2.300640988046160906e-01
-3.379269229443619404e-01 -7.111552710807486632e-02 1.989896338983301316e-01
-3.109825027658865149e-01 -5.495342149427501904e-02 1.704848428088442669e-01
-2.859192845055631427e-01 -3.983233339079503277e-02 1.442982161467891156e-01
-2.626629580164979716e-01 -2.574648307477108225e-02 1.202110863425835952e-01
-2.411132546181694036e-01 -1.264875996741881420e-02 9.809259395674380100e-02
-2.211934591731044286e-01 -5.116124323599840172e-04 7.772261181729797630e-02
-2.028084888299469257e-01 1.067668708376318457e-02 5.895993491021762900e-02
-1.858683767720520352e-01 2.100924425801808243e-02 4.170916835920275567e-02
-1.702636030166676806e-01 3.051780314818933887e-02 2.581216580306169156e-02
-1.558880380878030214e-01 3.923746356252168915e-02 1.110426642224543459e-02
-1.426739932462816884e-01 4.727220788343069330e-02 -2.496288677849243468e-03
-1.304897383550251422e-01 5.465833331707327380e-02 -1.502545754194672956e-02
-1.193518181085819613e-01 6.142504972248979955e-02 -2.659253759162268776e-02
-1.092112897974878011e-01 6.755632078766761472e-02 -3.727109609611966440e-02
-9.995039926247770157e-02 7.316738836345250407e-02 -4.713664299502399319e-02
-9.146945864635523671e-02 7.832584126051947426e-02 -5.625422458435364731e-02
-8.369819176371355585e-02 8.305686081671595500e-02 -6.468221497429885170e-02
-7.654499961715090228e-02 8.743403803665344975e-02 -7.249183482350460284e-02
-6.996675415049598279e-02 9.147348656967582703e-02 -7.968334876940839917e-02
-6.398305864931880249e-02 9.518020625378491306e-02 -8.625943901761151666e-02
-5.856413071382809976e-02 9.858055460312263596e-02 -9.232969823754494376e-02
-5.358036029764010055e-02 1.017295350950940952e-01 -9.806047031081156773e-02
-4.899000852345344881e-02 1.046415587069986358e-01 -1.034482838525495468e-01
-4.480244671917765070e-02 1.072676292359231176e-01 -1.084351459609133039e-01
-4.096088072820608383e-02 1.096510614740079242e-01 -1.130548259946125567e-01
-3.743752301977942148e-02 1.118304980562341983e-01 -1.173657435213461830e-01
-3.418656194319107111e-02 1.138086705437489354e-01 -1.213718094474887377e-01
-3.120675127113923045e-02 1.156159891027195574e-01 -1.250295797759173599e-01
-2.846314739530715274e-02 1.172879630470464174e-01 -1.283541044329918890e-01
-2.596230588659395599e-02 1.188640600232491046e-01 -1.314414472591254324e-01
-2.367787618487777676e-02 1.203281706147362323e-01 -1.342985588493866567e-01
-2.161234474826135774e-02 1.216418681425431442e-01 -1.369280157993210123e-01
-1.974237262887746855e-02 1.227922940869879548e-01 -1.393447211707525835e-01
-1.804203083104214886e-02 1.237848083527597065e-01 -1.415889978446873143e-01
-1.647913350231717394e-02 1.246617399719293362e-01 -1.436369588297898292e-01
-1.502500717343143929e-02 1.254479701840696404e-01 -1.454590054886445716e-01
-1.364462675900475486e-02 1.261495275378093084e-01 -1.470821389742910656e-01
-1.231301446650741142e-02 1.267710209217886574e-01 -1.485237909919037147e-01
-1.104696049721284358e-02 1.273280919399413791e-01 -1.498182666134487973e-01
-9.861554717294693934e-03 1.278309481263680270e-01 -1.509875164213920207e-01
-8.782966557435772578e-03 1.283042312397565388e-01 -1.520472076044071252e-01
-7.807988354429543955e-03 1.287587098703828481e-01 -1.530147362614308337e-01
-6.930230743467741261e-03 1.292307610490054104e-01 -1.539173685806347891e-01
-6.151734234647777619e-03 1.297238191819683750e-01 -1.547448919176969973e-01
-5.452266541447862123e-03 1.302058857738657427e-01 -1.555352337034724419e-01
-4.821098090410880395e-03 1.306734415044266129e-01 -1.563214980936297738e-01
-4.257200109864058002e-03 1.311283807788980460e-01 -1.571043922804445936e-01
-3.752622719880124857e-03 1.315692924598706737e-01 -1.578593943792736543e-01
-3.324247262991143845e-03 1.320034186617843330e-01 -1.585904604929059547e-01
-2.983421235950068501e-03 1.324210918193859665e-01 -1.592968031230636017e-01
-2.729364012967995783e-03 1.328287959907054894e-01 -1.599761731396015796e-01
-2.546817046961457557e-03 1.331860099787898211e-01 -1.606109145485389023e-01
-2.392287898072869862e-03 1.334909651338134218e-01 -1.611470817692746693e-01
-2.241912373515377466e-03 1.337386804893084258e-01 -1.616347947143227104e-01
-2.082588779375651924e-03 1.339423976841525865e-01 -1.620599772629655599e-01
-1.926894478421402714e-03 1.341192774105075813e-01 -1.624451531669068027e-01
-1.784839147371712793e-03 1.342694951040077078e-01 -1.628397455580893605e-01
-1.646113343064439100e-03 1.343953035359694570e-01 -1.632159242824028633e-01
-1.507979180631299418e-03 1.345059304467506878e-01 -1.635783575049286898e-01
-1.390602638265930674e-03 1.346079411650071833e-01 -1.639071217824763504e-01
-1.275749099457074371e-03 1.346975478644668600e-01 -1.642008460070812637e-01
-1.141332106313549871e-03 1.347830435376648761e-01 -1.644771409796713102e-01
-9.955587544014919167e-04 1.348633591604263826e-01 -1.647210765167680946e-01
-8.571526987299618247e-04 1.349288500666435686e-01 -1.649359888539614905e-01
-7.301451439274896874e-04 1.349600186824349290e-01 -1.651174977910134789e-01
-6.210840812616217179e-04 1.349653057371190679e-01 -1.652731059399166480e-01
-5.407381538056875046e-04 1.349539450514972982e-01 -1.654026403877390250e-01
-4.755350252895374115e-04 1.349312135461291640e-01 -1.655433227990955325e-01
-4.072312657630857780e-04 1.349143871084587387e-01 -1.656793263904967894e-01
-3.461351884858370376e-04 1.348973841113591254e-01 -1.658054630870303692e-01
-2.883884388660328609e-04 1.348775578485626181e-01 -1.659581694671999896e-01
-2.290698586799767172e-04 1.348738707595696085e-01 -1.660867051908382075e-01
-1.778020280540348874e-04 1.348782126240447021e-01 -1.661953545335088933e-01
-1.404410170157264939e-04 1.348757443802632017e-01 -1.663101240217732257e-01
-1.154949192500616525e-04 1.348710796709863824e-01 -1.664394863956805415e-01
-9.027676637052959208e-05 1.348707099611409221e-01 -1.665406345994895065e-01
-7.012753061459326711e-05 1.348671058128227129e-01 -1.666224736172755294e-01
-6.668991101943770193e-05 1.348510261075875905e-01 -1.667045697551740591e-01
-6.425644897626959031e-05 1.348236753487961070e-01 -1.667929113653222606e-01
-5.867817956145066549e-05 1.347857145004518198e-01 -1.668851520456078874e-01
-4.632736275627788236e-05 1.347356708572908512e-01 -1.669864720501501587e-01
1.031198642493153084e-06 1.347035854883596173e-01 -1.670777479559562018e-01
6.680769343276305957e-05 1.346801976745260199e-01 -1.671538910169431957e-01
1.234334678682533313e-04 1.346475515973473980e-01 -1.672144153156523705e-01
1.622398385948123280e-04 1.346086748684574563e-01 -1.672683552957198727e-01
1.817101306867004683e-04 1.345678253050307249e-01 -1.673276486359325244e-01
1.834807026966882976e-04 1.345189840604116838e-01 -1.673824655796237182e-01
1.704317415798156708e-04 1.344587717553218098e-01 -1.673781148218358161e-01
1.811080249314277733e-04 1.343910808653958622e-01 -1.673438298864854956e-01
2.065738209642473100e-04 1.343152708249032989e-01 -1.673003442270687147e-01
2.278696134435776561e-04 1.342418414410472549e-01 -1.672434601101451535e-01
2.729878142054150379e-04 1.341713388637975068e-01 -1.671861369483227111e-01
3.322975386100427493e-04 1.340724942172941969e-01 -1.671161838671786637e-01
4.033058341381493017e-04 1.339637341042698437e-01 -1.670456173707660363e-01
4.816434761197393066e-04 1.338663693304761038e-01 -1.669840772672294416e-01
5.535311598170430730e-04 1.337786190359411542e-01 -1.669234366461168906e-01
6.046778959621945974e-04 1.337003306053262397e-01 -1.668580893325354586e-01
6.662119831202517606e-04 1.336440652040999932e-01 -1.668131512418042361e-01
7.504585086092648016e-04 1.336268937138518631e-01 -1.668057922842099139e-01
8.349888009932201517e-04 1.336185530047254988e-01 -1.668191509586718635e-01
9.070546890411863242e-04 1.336021728933060593e-01 -1.668328418959524051e-01
9.638699106306489140e-04 1.335858817080054772e-01 -1.668391912782904440e-01
1.011542606218613543e-03 1.335826239026890461e-01 -1.668522268263440411e-01
1.042890979802394043e-03 1.335994536324710824e-01 -1.668657237031160867e-01
1.050474299062061816e-03 1.336339939454714576e-01 -1.668594628615026887e-01
1.035228817586687604e-03 1.336829484683643987e-01 -1.668266685484468825e-01
1.002282076336692782e-03 1.337359441798245396e-01 -1.667922260842933935e-01
9.502363845937379606e-04 1.337963981783182876e-01 -1.667621369045438340e-01
9.211787688637027753e-04 1.338429847910446169e-01 -1.667412391589393472e-01
8.974360959323496745e-04 1.338779176123691128e-01 -1.667171058856440624e-01
8.585284520108819612e-04 1.339093239734729657e-01 -1.666920477293329927e-01
8.278129949101979907e-04 1.339317136708357003e-01 -1.666785550897187107e-01
8.055843737764699841e-04 1.339465403786321285e-01 -1.666765147966673688e-01
7.841568580924469702e-04 1.339597250384095828e-01 -1.666825862548604598e-01
7.657154673910935303e-04 1.339815231644139737e-01 -1.666922863504231023e-01
7.464094564303242699e-04 1.340033225236820780e-01 -1.667109000698417942e-01
7.148444861815021366e-04 1.340253798521044981e-01 -1.667290458786276908e-01
6.728335016945652999e-04 1.340487997732385805e-01 -1.667414298435431208e-01
6.247802442295471948e-04 1.340687600288844317e-01 -1.667513921429742418e-01
5.834500814333782757e-04 1.340785985688706938e-01 -1.667670185098059921e-01
5.548977536846118417e-04 1.340769592268582222e-01 -1.667805920779464046e-01
5.329314443358732683e-04 1.340720152565333112e-01 -1.667943067503759869e-01
5.289110658753935377e-04 1.340680189960869462e-01 -1.668181942949854835e-01
5.501857927450969077e-04 1.340697221938883243e-01 -1.668665773220704696e-01
5.808240195454824955e-04 1.340641012742344595e-01 -1.669079143401790422e-01
6.067175991905416916e-04 1.340406513178807046e-01 -1.669362257602464983e-01
6.217924323081953442e-04 1.340234070028348268e-01 -1.669636307377222739e-01
6.224184729974653217e-04 1.340244065666314210e-01 -1.669858161825035214e-01
6.119502727790149732e-04 1.340428447347442875e-01 -1.669911533846774598e-01
5.929132033213234615e-04 1.340669917125845156e-01 -1.669837940625472361e-01
5.650347796162665751e-04 1.340881900379640168e-01 -1.669707147873491226e-01
5.392163561197538257e-04 1.340967387677495515e-01 -1.669609462595777472e-01
5.237902210928646086e-04 1.341061528041084805e-01 -1.669569661866626420e-01
5.145599412656651737e-04 1.341135701282666071e-01 -1.669369451303733265e-01
5.069964369637698642e-04 1.341137679614979594e-01 -1.668868172419108176e-01
5.029255766039539147e-04 1.341238858892137009e-01 -1.668171500943471663e-01
5.366417401725530507e-04 1.341594420549544475e-01 -1.667811444503599083e-01
5.975256074415516037e-04 1.341951454144223732e-01 -1.667779207724446877e-01
6.535725010458165408e-04 1.342151276034037333e-01 -1.667859371979181216e-01
7.008858176286187226e-04 1.342210618145929513e-01 -1.668046421945146573e-01
7.379641538535272735e-04 1.342127368083420591e-01 -1.668248826242355320e-01
7.653624588684398902e-04 1.341882174498420233e-01 -1.668436709198176937e-01
7.819085494858052680e-04 1.341647144269666747e-01 -1.668562166395702040e-01
7.911611064856487185e-04 1.341516274369392858e-01 -1.668690606751409566e-01
7.910831884883070360e-04 1.341454910055968897e-01 -1.668739163860940289e-01
7.846899132371015903e-04 1.341386167329100820e-01 -1.668736954353801372e-01
7.637703314163024832e-04 1.341385137950189543e-01 -1.668734041432688164e-01
7.403142653952060831e-04 1.341493535628548173e-01 -1.668783125836147685e-01
7.254853279813231956e-04 1.341650899570034361e-01 -1.668948904470571315e-01
7.457667404298344441e-04 1.341647934910401296e-01 -1.669343344083586145e-01
7.833640175511848332e-04 1.341421534556956896e-01 -1.669851243749998215e-01
7.983253282753174224e-04 1.341061395195821682e-01 -1.670031643369729313e-01
8.165747237712538999e-04 1.340587815576495534e-01 -1.670191003467753621e-01
8.271331791109144379e-04 1.340008559788678777e-01 -1.670303048849775263e-01
8.314895129822677013e-04 1.339502499521344203e-01 -1.670309100923654810e-01
8.316303281692346032e-04 1.339190068310267545e-01 -1.670269481047974569e-01
8.173949927537912160e-04 1.339070347155094376e-01 -1.670147918647600649e-01
8.028274668994905220e-04 1.339092971552679756e-01 -1.670033022994543981e-01
7.756262823026794598e-04 1.339220234595599468e-01 -1.669861150905271596e-01
7.433000580404387899e-04 1.339452693664770766e-01 -1.669675612199594261e-01
7.113151174721627640e-04 1.339715963673952237e-01 -1.669499415561346567e-01
6.716961803291948826e-04 1.339953731573070572e-01 -1.669276839037832361e-01
6.356506321112292187e-04 1.340250544791473097e-01 -1.669013083129040897e-01
6.093417590507229980e-04 1.340634594806635049e-01 -1.668785326174142269e-01
5.848008598104160191e-04 1.340971794415758145e-01 -1.668665111463027984e-01
5.710001637757735433e-04 1.341195445082166149e-01 -1.668635601931384715e-01
5.511166789682356250e-04 1.341430523674896347e-01 -1.668517976001953618e-01
5.313968857901753187e-04 1.341653593602397943e-01 -1.668393014796624718e-01
5.287922021723638535e-04 1.341802375636365341e-01 -1.668384313366040317e-01
5.414179792259368653e-04 1.341978283171072484e-01 -1.668622583559290218e-01
5.419965343609128242e-04 1.342085663936044004e-01 -1.668659542760876635e-01
5.383955269508848345e-04 1.342100257394002460e-01 -1.668567987005552256e-01
5.454272581823469421e-04 1.342081478533932171e-01 -1.668629167336993235e-01
5.636682118038763289e-04 1.342027984883791547e-01 -1.668844958117587096e-01
5.731602940176032000e-04 1.341862026656704121e-01 -1.669054643165076013e-01
5.797679121569104636e-04 1.341719189046336469e-01 -1.669293109227684979e-01
5.857881685124795334e-04 1.341570356803282460e-01 -1.669553846478400994e-01
5.904999600933061527e-04 1.341410871303927999e-01 -1.669856723329004033e-01
5.700118649770993199e-04 1.341180649903771227e-01 -1.669825133723716326e-01
5.458539116538722999e-04 1.340790798955892316e-01 -1.669708123921392895e-01
5.503866520801799309e-04 1.340246449276184804e-01 -1.669915082308630616e-01
5.596835810419372760e-04 1.339659341091419820e-01 -1.670233486745663076e-01
5.771685047118428223e-04 1.339032092475770652e-01 -1.670662043143545383e-01
5.924401325576211970e-04 1.338360852959645797e-01 -1.671163544175081894e-01
5.924080846938064356e-04 1.337697840801444771e-01 -1.671622844840996713e-01
5.820556215574082407e-04 1.337055523239950583e-01 -1.672096299110029938e-01
5.640569159147105658e-04 1.336424790026125020e-01 -1.672557391375260050e-01
5.501147402860527124e-04 1.335857230531609652e-01 -1.673103107917962851e-01
5.392358063070206049e-04 1.335396748898863561e-01 -1.673621379671156040e-01
5.275908632448239122e-04 1.335166131617345209e-01 -1.674078678265450704e-01
5.122923073765550022e-04 1.335048159978022841e-01 -1.674335831848597911e-01
5.120244601895425351e-04 1.334953981643868526e-01 -1.674228306823630774e-01
5.167605742752599471e-04 1.334996201516592818e-01 -1.673877515461273668e-01
5.104443832551466744e-04 1.335230949793993760e-01 -1.673375851569687267e-01
5.023472689931221492e-04 1.335576581656825745e-01 -1.672943936115499630e-01
4.881270195214442321e-04 1.335941512900049311e-01 -1.672427772742112184e-01
4.846212567993062330e-04 1.336257062069456381e-01 -1.671905597702005031e-01
4.863737408189747007e-04 1.336669251549143789e-01 -1.671357337310495350e-01
4.812756161479621623e-04 1.337137703531486865e-01 -1.670770977541471136e-01
4.745543062574204352e-04 1.337617518357940571e-01 -1.670181930754443822e-01
4.689897288368230933e-04 1.338115459054067258e-01 -1.669573554173668650e-01
4.540994705698571323e-04 1.338583920136599825e-01 -1.668894499061445991e-01
4.808067532948169498e-04 1.338907033397971347e-01 -1.668287566533958599e-01
5.361276846204013433e-04 1.339200915216053334e-01 -1.667920291264503030e-01
5.993113769457265264e-04 1.339570988782735894e-01 -1.667869003672571016e-01
6.642960940780034008e-04 1.339889276072017688e-01 -1.667752370567927023e-01
7.198986036634769103e-04 1.340058822799189697e-01 -1.667542246440964770e-01
7.679366709602122908e-04 1.340076400341995988e-01 -1.667417944233146043e-01
8.125741342157660405e-04 1.340101763897344755e-01 -1.667546532018250316e-01
8.544117475733053590e-04 1.340067136230561062e-01 -1.667827164832083042e-01
8.902114521949353780e-04 1.339857171554842963e-01 -1.668117731377748991e-01
9.144465288289968345e-04 1.339550257703747416e-01 -1.668440045167038921e-01
9.229145775717926322e-04 1.339316011201124590e-01 -1.668726556623276180e-01
9.175936290551439884e-04 1.339312753099181075e-01 -1.668838952091873107e-01
8.984023259986456894e-04 1.339532480291323324e-01 -1.668809113573362368e-01
8.518683066419363266e-04 1.339877337796334666e-01 -1.668645554054667413e-01
8.357166262189994182e-04 1.340112896050344171e-01 -1.668502359437875060e-01
8.355508501755033561e-04 1.340218554186764222e-01 -1.668316796077064512e-01
8.250793670061339720e-04 1.340274336298681868e-01 -1.668131912394837935e-01
8.078975822579911913e-04 1.340285926165802055e-01 -1.667990972629426749e-01
7.885197892937029912e-04 1.340299148664452211e-01 -1.667884691636279115e-01
7.702544219759603064e-04 1.340337701244700697e-01 -1.667845258010080545e-01
7.647513999041608218e-04 1.340353656128208115e-01 -1.667888549263180364e-01
7.573869310758966954e-04 1.340314009151719332e-01 -1.667931418358564177e-01
7.511542729436741436e-04 1.340318502003342016e-01 -1.667982038136506251e-01
7.399005743726945212e-04 1.340333340006825968e-01 -1.668017524819296604e-01
7.297786604425613626e-04 1.340392451242962413e-01 -1.668060762169887579e-01
7.396951553822059744e-04 1.340428325015850797e-01 -1.668266850575363947e-01
7.540194171064655559e-04 1.340570856577406877e-01 -1.668543026805218710e-01
7.500927851617789641e-04 1.340851058931740170e-01 -1.668753089500648601e-01
7.347862303564525223e-04 1.341141832769215669e-01 -1.668859632667874793e-01
7.240107223907254466e-04 1.341309009641657168e-01 -1.668975566560648438e-01
7.069617408627940558e-04 1.341411310952443092e-01 -1.669021257482152798e-01
6.887678819689636422e-04 1.341588868209991625e-01 -1.669032784318029150e-01
6.795947020557757635e-04 1.341699058877370843e-01 -1.669125524816043038e-01
6.728564693302985797e-04 1.341687150372181947e-01 -1.669288996433719585e-01
6.606189795053720717e-04 1.341578738404102245e-01 -1.669446667162262088e-01
6.523009173696778067e-04 1.341510957167621476e-01 -1.669623193537113082e-01
6.440709738318582027e-04 1.341528952638598171e-01 -1.669810126478389611e-01
6.381868427321092533e-04 1.341513429575781347e-01 -1.670125152483563635e-01
6.094882672931861093e-04 1.341370039585213225e-01 -1.670156966057476933e-01
5.771198597022960753e-04 1.341067020108185903e-01 -1.670103225970938909e-01
5.734423152191754853e-04 1.340609635139525524e-01 -1.670373720945372842e-01
5.732066331442658980e-04 1.340108310372583322e-01 -1.670720695331474881e-01
5.674661442177065477e-04 1.339669498351853116e-01 -1.671088282732426100e-01
5.545643907629987934e-04 1.339325906979032255e-01 -1.671474996469457519e-01
5.457586409107497392e-04 1.338999731529984805e-01 -1.671985821789692961e-01
5.303414428085185140e-04 1.338641502604510092e-01 -1.672480961878808625e-01
5.242503294075954697e-04 1.338202028800226928e-01 -1.672947129305004943e-01
5.183644265557761600e-04 1.337682910673229919e-01 -1.673337793696041964e-01
5.211532941974274897e-04 1.337059878488638665e-01 -1.673755906604151578e-01
5.195960155401406705e-04 1.336452918386280275e-01 -1.673933312067562851e-01
5.352494559035759700e-04 1.335891063944980861e-01 -1.673994191713107371e-01
5.454951058550097697e-04 1.335359971242675303e-01 -1.673971632139642784e-01
5.328418275654721401e-04 1.335034520161759997e-01 -1.673760576126696042e-01
5.392966190827483712e-04 1.334877010895165750e-01 -1.673535869185216185e-01
5.549346999211078168e-04 1.334866110697578712e-01 -1.673252972838276675e-01
5.665267379527295531e-04 1.335014019375785066e-01 -1.672696155819763386e-01
5.815230668318428168e-04 1.335232581974613031e-01 -1.672132841926219082e-01
5.868776525787296324e-04 1.335549603078045322e-01 -1.671648656528177401e-01
5.704644042638245833e-04 1.336014218506537954e-01 -1.671063766113073112e-01
5.506611693916902686e-04 1.336654708150267490e-01 -1.670405998917647017e-01
5.579528009821128984e-04 1.337382848501791344e-01 -1.669812047058504001e-01
5.795497652139911882e-04 1.338146132260253918e-01 -1.669233336792245170e-01
5.890786373331177456e-04 1.338991501294045372e-01 -1.668644747618865110e-01
5.896574399922357296e-04 1.339940387647653719e-01 -1.668179183930954823e-01
5.865667622445513941e-04 1.340948824875473344e-01 -1.667816296760214201e-01
5.941234531182874694e-04 1.341922422492235201e-01 -1.667419516714331029e-01
5.981538888757768338e-04 1.342901274314582116e-01 -1.666942387626061672e-01
5.824536360271598961e-04 1.343941378309231882e-01 -1.666387821775411615e-01
5.500577513242027854e-04 1.345001868761242780e-01 -1.665774195491703524e-01
5.029897935053021744e-04 1.346055768575886991e-01 -1.665113305434802182e-01
4.832290664710152200e-04 1.347038034005947349e-01 -1.664601211610136078e-01
4.968526272187710540e-04 1.347839186796811473e-01 -1.664409273982332960e-01
5.340231749222659145e-04 1.348388266372002042e-01 -1.664410245477208061e-01
5.857574843764905325e-04 1.348709682470942972e-01 -1.664527848106115981e-01
6.357807895449398049e-04 1.348942276788232808e-01 -1.664776164402566871e-01
6.786496171309604024e-04 1.349159900009135327e-01 -1.665152995907969724e-01
7.125917331879500719e-04 1.349274398685512688e-01 -1.665620301952243365e-01
7.367862824433612503e-04 1.349301659965995714e-01 -1.666093896298961319e-01
7.570532875886509631e-04 1.349183169028998763e-01 -1.666534360311935636e-01
7.742126849016412946e-04 1.348822063479589162e-01 -1.666974486041387649e-01
7.855877224169728395e-04 1.348244129040138406e-01 -1.667414176712986584e-01
7.830658030591009866e-04 1.347512183410282671e-01 -1.667781132752536311e-01
7.659154278226619960e-04 1.346623169112186880e-01 -1.668072277592537178e-01
7.482705644695240637e-04 1.345698676648764136e-01 -1.668464535303497975e-01
7.359233693355754502e-04 1.344837339505347840e-01 -1.669046019334623487e-01
7.101716601133732524e-04 1.343878680992059149e-01 -1.669400696495565439e-01
6.597041562969388224e-04 1.342811526983151149e-01 -1.669383160110510522e-01
6.126715972389945499e-04 1.341855047277732416e-01 -1.669341786185125631e-01
5.851522138295574922e-04 1.341000336076144106e-01 -1.669500744171166506e-01
5.831606084520905712e-04 1.340165129613778705e-01 -1.669898923676539637e-01
5.893264480914453931e-04 1.339285514749893879e-01 -1.670176469894391058e-01
5.729261491979496454e-04 1.338299773737445242e-01 -1.670239909277269341e-01
5.500073538870977208e-04 1.337478079861861013e-01 -1.670241641489693118e-01
5.516864535096278714e-04 1.336708321036773894e-01 -1.670466175140730980e-01
5.600435462960336695e-04 1.336030912749113231e-01 -1.670839529706900084e-01
5.565379268774319713e-04 1.335602607019254484e-01 -1.671198338908776726e-01
5.442753198644020981e-04 1.335400013136443242e-01 -1.671565717520622218e-01
5.365492443054434854e-04 1.335380115240209775e-01 -1.671706366300295954e-01
5.391213329007823974e-04 1.335521751706892357e-01 -1.671523902870425127e-01
5.366113207571021832e-04 1.335744704901327684e-01 -1.671103791804451344e-01
5.136819079626374655e-04 1.336051599481082597e-01 -1.670537501245547285e-01
4.931865173972374171e-04 1.336415154436735309e-01 -1.670089032741840507e-01
4.696612618596395102e-04 1.336783289042057510e-01 -1.669685485153033500e-01
4.263720496235568944e-04 1.337187196541018419e-01 -1.669235416393757276e-01
4.066818420946681847e-04 1.337599831415381690e-01 -1.668815371383365331e-01
4.163859482859188837e-04 1.338077005312083012e-01 -1.668488383679534726e-01
4.387806046932533118e-04 1.338639639045516860e-01 -1.668305351417607718e-01
4.547651020958028275e-04 1.339135131165635761e-01 -1.668118775977712187e-01
4.714953116010036239e-04 1.339607800506696922e-01 -1.668076149864718416e-01
5.037527241524867791e-04 1.340130803399256498e-01 -1.668131355601665533e-01
5.379728468933681019e-04 1.340606553434663395e-01 -1.667930853381199285e-01
5.723983755967810031e-04 1.340922350804191754e-01 -1.667644709670803305e-01
6.121908011162542585e-04 1.341043168555934029e-01 -1.667481491601290333e-01
6.500608237994195699e-04 1.340997927674156265e-01 -1.667431909030445414e-01
6.822684188565109791e-04 1.340777611213394283e-01 -1.667442157107328071e-01
7.107215024467492329e-04 1.340384459133975303e-01 -1.667539471997397660e-01
7.299037122493668610e-04 1.339831491996044399e-01 -1.667635076986077602e-01
7.540817019995096080e-04 1.339220154878976998e-01 -1.667802109928016585e-01
7.850383881595053527e-04 1.338591376183455861e-01 -1.668108092958919819e-01
8.153843801272120948e-04 1.337897905506244267e-01 -1.668511451555238501e-01
8.371724460291870683e-04 1.337197355154488287e-01 -1.669004089060697471e-01
8.439791126682180894e-04 1.336527305360832307e-01 -1.669483878521348108e-01
8.291777937393305081e-04 1.335986437951973971e-01 -1.669843354923311596e-01
8.194080936494691327e-04 1.335692293064951741e-01 -1.670035872041017722e-01
8.117566270816528378e-04 1.335646113541910651e-01 -1.670108886840762918e-01
