2.997726737310068046e+01 4.503727207297836088e+01 6.003489425980941974e+01
2.981080196518531622e+01 4.511027971988495011e+01 6.016674110276321130e+01
2.955774684352318360e+01 4.499462867472654892e+01 6.022590830118319616e+01
2.921979419360508601e+01 4.469073336377465466e+01 6.020991084419222261e+01
2.879835006349442850e+01 4.419923535590842789e+01 6.011587828321940208e+01
2.829448342044118547e+01 4.352103731896212935e+01 5.994054860913773553e+01
2.771090847410281555e+01 4.266176633212594282e+01 5.967729345030949162e+01
2.705291032796217365e+01 4.163479531191040905e+01 5.931444282891086317e+01
2.632503669499438104e+01 4.045614845763205381e+01 5.883977010425238774e+01
2.552931777152305060e+01 3.914106877281421504e+01 5.824308786382792391e+01
2.466543820245793128e+01 3.770421601751112917e+01 5.751600864350764652e+01
2.373105860028177361e+01 3.615985088225878741e+01 5.665154997469070963e+01
2.272208622637804964e+01 3.452197682366292497e+01 5.564383242658683315e+01
2.163443630222009872e+01 3.280457629522278040e+01 5.448773713831052845e+01
2.047898851750888838e+01 3.102157257787273181e+01 5.317894859359295623e+01
1.927432103906353333e+01 2.918671824640419743e+01 5.171429341756633136e+01
1.803612732797987661e+01 2.731355989022967634e+01 5.009156896836309869e+01
1.677766081998164438e+01 2.541548085343407948e+01 4.830931493380919761e+01
1.551014156161189739e+01 2.350572009186583600e+01 4.636662181890617518e+01
1.424310302125014616e+01 2.159737882168980505e+01 4.426292853256065030e+01
1.298466023828857452e+01 1.970337048150334169e+01 4.199796292307061663e+01
1.174172808257392298e+01 1.783640150038723249e+01 3.957164072179345027e+01
1.051639337974273403e+01 1.601146111810604822e+01 3.699756728490810076e+01
9.306619931068443208e+00 1.424572702286932824e+01 3.430744946963650222e+01
8.111686762883621782e+00 1.255509421233957035e+01 3.153753314911362793e+01
6.933985559344304939e+00 1.095262165929612586e+01 2.872177049933781845e+01
5.778424345665555961e+00 9.448468893568660931e+00 2.589198520809811299e+01
4.651782834650675547e+00 8.049887485342992477e+00 2.307792812897648105e+01
3.562068923684984068e+00 6.761286031908928074e+00 2.030722125982941151e+01
2.517877390243969504e+00 5.584405146331864245e+00 1.760519315389294093e+01
1.527820024841525681e+00 4.518558076070294582e+00 1.499468830949794018e+01
6.000091202339106200e-01 3.560978213824292915e+00 1.249587741923419948e+01
-2.580938834713090713e-01 2.707196479635164188e+00 1.012097595863270172e+01
-1.040274467574767048e+00 1.951714850134701029e+00 7.874605224640209400e+00
-1.742102278461503007e+00 1.288497825397301400e+00 5.759303437225454125e+00
-2.360941666966393182e+00 7.111773243184235094e-01 3.777409969430486569e+00
-2.895800447454804694e+00 2.132049703729715917e-01 1.930996388773608130e+00
-3.347147332322222280e+00 -2.120116892561995925e-01 2.218082221166998436e-01
-3.716739222603987702e+00 -5.709943395984730108e-01 -1.348746641808174163e+00
-4.007428955542578386e+00 -8.700950155022461052e-01 -2.779597874890742393e+00
-4.222980175801126279e+00 -1.115417560708666933e+00 -4.069989671059347280e+00
-4.367889793339999827e+00 -1.312756149550832863e+00 -5.219446938221172339e+00
-4.447216989418242505e+00 -1.467550858160743710e+00 -6.227737682942545483e+00
-4.466423892645521754e+00 -1.584857182971890044e+00 -7.094825118050153812e+00
-4.431235127959123332e+00 -1.669330477740174290e+00 -7.820830581541549975e+00
-4.347512298220821414e+00 -1.725215620476841405e+00 -8.405981986209473789e+00
-4.221142286055314052e+00 -1.756353375712280007e+00 -8.850589359924816435e+00
-4.057941612937930209e+00 -1.766187731257494953e+00 -9.155004781730125885e+00
-3.863586112930815109e+00 -1.757779688247204319e+00 -9.319597075600670522e+00
-3.643789126744282569e+00 -1.733285775846585164e+00 -9.353081756440410288e+00
-3.404176710331004330e+00 -1.694261776300344247e+00 -9.270064325880328582e+00
-3.150040416036301583e+00 -1.642150237454317097e+00 -9.085124115743079543e+00
-2.886291634391517924e+00 -1.578358276682213068e+00 -8.812373800418887626e+00
-2.617420318104043631e+00 -1.504288446097884480e+00 -8.465327239926436320e+00
-2.347480956314577316e+00 -1.421358576862679080e+00 -8.056814073450803804e+00
-2.080076812481729487e+00 -1.331006336094592735e+00 -7.598907722335118464e+00
-1.818356422272846551e+00 -1.234685226409726777e+00 -7.102862940184730967e+00
-1.565020431135143886e+00 -1.133851983830908905e+00 -6.579078496215057470e+00
-1.322332662177541751e+00 -1.029947115984434225e+00 -6.037069082663823139e+00
-1.092138334896476382e+00 -9.243762971521621852e-01 -5.485459013695270336e+00
-8.758865722714397339e-01 -8.184876351621387380e-01 -4.931983689724111386e+00
-6.746591267084875998e-01 -7.135504915490189504e-01 -4.383496947170485214e+00
-4.891998669249636444e-01 -6.107377343040238937e-01 -3.845995048077738510e+00
-3.199469075517556438e-01 -5.111090788420594722e-01 -3.324647075637686022e+00
-1.670664781174587277e-01 -4.155992381042968864e-01 -2.823825219831339606e+00
-3.048622740408770890e-02 -3.250099413076757426e-01 -2.347150664210068793e+00
9.007203909186814461e-02 -2.400050546230817206e-01 -1.897535000655433679e+00
1.950605082147064684e-01 -1.611096528619069546e-01 -1.477228520336514528e+00
2.850756489863061627e-01 -8.871310934009436766e-02 -1.087872081580612660e+00
3.608300760425355858e-01 -2.307414409164912361e-02 -7.305459703954187978e-01
4.231273252122215167e-01 3.567104658725674116e-02 -4.058239240248257551e-01
4.728384548549695587e-01 8.749897856992522316e-02 -1.138238439109817285e-01
5.108816727617223608e-01 1.324875650255974702e-01 1.457402423129288138e-01
5.382036489857443540e-01 1.708040529607815217e-01 3.735084904767536074e-01
5.557646024546725183e-01 2.026923593246452160e-01 5.704266364238687048e-01
5.645236774574223793e-01 2.284604288019708718e-01 7.376997455157977557e-01
5.654278555885912105e-01 2.484677995786775118e-01 8.767478842057130350e-01
5.594019958438321005e-01 2.631137341954761233e-01 9.891646120546454535e-01
5.473404178331167103e-01 2.728261672436296803e-01 1.076677858011988453e+00
5.301011416703328427e-01 2.780511926860013694e-01 1.141114106534706352e+00
5.084996117906854796e-01 2.792441457729434307e-01 1.184365981117770694e+00
4.833054974583779195e-01 2.768613909648807159e-01 1.208360889831648244e+00
4.552388844347686203e-01 2.713531397145749202e-01 1.215034890505159337e+00
4.249686932548185636e-01 2.631573980075909147e-01 1.206308641530213333e+00
3.931110020681177764e-01 2.526952622826529327e-01 1.184066208947888832e+00
3.602283849287580275e-01 2.403667162965538173e-01 1.150136177480872490e+00
3.268300482359889347e-01 2.265474419446096843e-01 1.106276670628415504e+00
2.933723854161434663e-01 2.115870427719460933e-01 1.054162521968102784e+00
2.602597847082221971e-01 1.958069017008882973e-01 9.953747509227727219e-01
2.278460446598657152e-01 1.794998088283843718e-01 9.313920185247004380e-01
1.964363866656523572e-01 1.629294950275816112e-01 8.635849491502320951e-01
1.662892369142867643e-01 1.463307102795373960e-01 7.932122688541627387e-01
1.376186418191549243e-01 1.299100783706179651e-01 7.214178207278370003e-01
1.105970455245871287e-01 1.138466363118322416e-01 6.492309228502275431e-01
8.535767520852913237e-02 9.829340978303340026e-02 5.775667663483525782e-01
6.199757842589551093e-02 8.337850820295691912e-02 5.072284912596353168e-01
4.058048977479949970e-02 6.920676233346934048e-02 4.389104348823272272e-01
2.113986978604818698e-02 5.586135124844799488e-02 3.732026587027040265e-01
3.681862552598383874e-03 4.340542252602525020e-02 3.105953073520417718e-01
-1.181168870262708573e-02 3.188388679260642511e-02 2.514845545385667180e-01
-2.538031148237216914e-02 2.132504873980825208e-02 1.961786753591744370e-01
-3.708203204580813594e-02 1.174237216747239798e-02 1.449043978390020249e-01
-4.699060744577483739e-02 3.136088739736842511e-03 9.781363242800920899e-02
-5.519286206182676124e-02 -4.505188255085563163e-03 5.499025641601196224e-02
-6.178621320173431630e-02 -1.120293916152043275e-02 1.645696576119909729e-02
-6.687624609002479348e-02 -1.698727895127889395e-02 -1.781791254773170893e-02
-7.057457203555408953e-02 -2.189557757723955764e-02 -4.791374746292221404e-02
-7.299678839453109525e-02 -2.597118575014259467e-02 -7.395112311879957490e-02
-7.426062968493878091e-02 -2.926222625481178508e-02 -9.608567539375924282e-02
-7.448427248825047198e-02 -3.182046647604726275e-02 -1.145020500809952185e-01
-7.378488581425754478e-02 -3.370030335960098877e-02 -1.294083568148963470e-01
-7.227732515540398472e-02 -3.495785660376846127e-02 -1.410310097701300558e-01
-7.007297743247403732e-02 -3.565010596588023134e-02 -1.496097871696837056e-01
-6.727889191498065413e-02 -3.583410717183605626e-02 -1.553934542714547062e-01
-6.399683528155919454e-02 -3.556637864179133801e-02 -1.586356874072883394e-01
-6.032278533692516514e-02 -3.490226152189633557e-02 -1.595913989787959286e-01
-5.634636390001387246e-02 -3.389543253575673376e-02 -1.585136473681314495e-01
-5.215052916457995485e-02 -3.259747009936321549e-02 -1.556506415057021253e-01
-4.781128172223731571e-02 -3.105748047399829737e-02 -1.512434319486966050e-01
-4.339757643990709707e-02 -2.932181782231473716e-02 -1.455237865971136801e-01
-3.897129797021539610e-02 -2.743384255945551312e-02 -1.387124664075934100e-01
-3.458732426415375011e-02 -2.543375335918503233e-02 -1.310178348343244981e-01
-3.029366405657715061e-02 -2.335847733494059164e-02 -1.226347844062955633e-01
-2.613168307126753284e-02 -2.124160067170799762e-02 -1.137439919809259126e-01
-2.213635230856802333e-02 -1.911336387635530557e-02 -1.045112893952139937e-01
-1.833658750232776760e-02 -1.700066397172690300e-02 -9.508750909524540940e-02
-1.475558425259809389e-02 -1.492711423018384768e-02 -8.560823800937349126e-02
-1.141121022565807185e-02 -1.291316947557867752e-02 -7.619414108978567191e-02
-8.316403808742387285e-03 -1.097619148323857388e-02 -6.695108837877544739e-02
-5.479590037663300758e-03 -9.130637328595781269e-03 -5.797064071173745753e-02
-2.905102113156977396e-03 -7.388191698207559159e-03 -4.933062060845054553e-02
-5.936054765031976641e-04 -5.757958336099624347e-03 -4.109573324652886911e-02
1.457485526598314551e-03 -4.246638602878652011e-03 -3.331832398488877856e-02
3.253598026390897187e-03 -2.858725917860478055e-03 -2.603916770345600373e-02
4.802605827301915063e-03 -1.596709397687859182e-03 -1.928831822990395226e-02
6.114449535889593217e-03 -4.612717252398801089e-04 -1.308599482521667808e-02
7.200778395718769077e-03 5.485119523989205863e-04 -7.443468224374346319e-03
8.074609652395661752e-03 1.434976906842081379e-03 -2.363958559723354676e-03
8.750012792695025660e-03 2.201678596806713305e-03 2.156464750156622447e-03
9.241822015629848341e-03 2.853208595805915328e-03 6.128015394137659687e-03
9.565360627111418532e-03 3.395019279775793233e-03 9.566335325266824355e-03
9.736207739274504655e-03 3.833258620596130452e-03 1.249168413681408206e-02
9.769976793825912650e-03 4.174615165782578213e-03 1.492815450852277154e-02
9.682125873594486440e-03 4.426174842134104372e-03 1.690293976491654207e-02
9.487787255703122868e-03 4.595288179033879192e-03 1.844565541187028271e-02
9.201623676130747664e-03 4.689453210453086059e-03 1.958769150553275884e-02
8.837707107879462509e-03 4.716204084290088680e-03 2.036163625034019889e-02
8.409418362135467548e-03 4.683016449056531458e-03 2.080074105353561451e-02
7.929362493404505316e-03 4.597226295886141373e-03 2.093844592569376467e-02
7.409312504029579721e-03 4.465955177428403318e-03 2.080795796427588676e-02
6.860157995902343639e-03 4.296048466711836072e-03 2.044186740090673388e-02
6.291881275994579657e-03 4.094025823638858773e-03 1.987184083068001608e-02
5.713539241735815510e-03 3.866039683197109063e-03 1.912832995663019814e-02
5.133261884451956192e-03 3.617843842772829315e-03 1.824036277579200310e-02
4.558263249634510877e-03 3.354767754413596082e-03 1.723534649051134196e-02
3.994858604431514824e-03 3.081705471255931101e-03 1.613892712758609183e-02
3.448494073627515841e-03 2.803104019418136209e-03 1.497488995192389552e-02
2.923779580070782255e-03 2.522962226997557591e-03 1.376507856788919057e-02
2.424531764311203038e-03 2.244833956660473827e-03 1.252936320932550827e-02
1.953819179445763672e-03 1.971838438273271470e-03 1.128562820492774385e-02
1.514012059605437900e-03 1.706671128589579622e-03 1.004978529064112606e-02
1.106833747982367659e-03 1.451620926779578682e-03 8.835813604027221990e-03
7.334157698833253421e-04 1.208590405423890695e-03 7.655808018734443741e-03
3.943520724287260973e-04 9.791167601567449860e-04 6.520055830018418007e-03
8.975397718360823385e-05 7.643959767469125878e-04 5.437123031865939010e-03
-1.806951615568734332e-04 5.653078692337829610e-04 4.413947684574027336e-03
-4.176867318187078046e-04 3.824420408996473115e-04 3.455944749917508156e-03
-6.222351691641751347e-04 2.161245078945403010e-04 2.567117599547173029e-03
-7.956284236953490348e-04 6.644421787408505496e-05 1.750173694998237613e-03
-9.393809603113328086e-04 -6.672056098302153574e-05 1.006640582770420081e-03
-1.055188960469708630e-03 -1.836763827621780128e-04 3.369850701305754327e-04
-1.144889426202939540e-03 -2.848895962588581811e-04 -2.592702030113162295e-04
-1.210421050669902021e-03 -3.709621843221179698e-04 -7.834317543398258612e-04
-1.253789930605210242e-03 -4.426087940549970905e-04 -1.237523687826422693e-03
-1.277036734377832690e-03 -5.006352037930951720e-04 -1.624179978073655170e-03
-1.282208765777612721e-03 -5.459179517982092967e-04 -1.946542695000366176e-03
-1.271334527245112419e-03 -5.793857768861180148e-04 -2.208164397350699092e-03
-1.246400887462964600e-03 -6.020022054916420676e-04 -2.412919697770616375e-03
-1.209334521420912367e-03 -6.147498837251345665e-04 -2.564918860504321243e-03
-1.161985330653610756e-03 -6.186168361008503392e-04 -2.668433905939425477e-03
-1.106113198817139549e-03 -6.145837126942372110e-04 -2.727825445145887293e-03
-1.043377040803996529e-03 -6.036129101961684425e-04 -2.747481604458578211e-03
-9.753268750444404368e-04 -5.866389936804566061e-04 -2.731762369991347882e-03
-9.033972516543972014e-04 -5.645607838290704183e-04 -2.684948518290411392e-03
-8.289034955435867170e-04 -5.382346927970048335e-04 -2.611201177880883260e-03
-7.530397222630299267e-04 -5.084691005129231799e-04 -2.514524517775782939e-03
-6.768784702454131450e-04 -4.760206053395166985e-04 -2.398735314841944979e-03
-6.013718972199769836e-04 -4.415903776041366037e-04 -2.267439399956952106e-03
-5.273538111755323885e-04 -4.058223879980310208e-04 -2.124012273174417757e-03
-4.555439948397516331e-04 -3.693022864745543741e-04 -1.971585346940948717e-03
-3.865521138178951263e-04 -3.325570621759142459e-04 -1.813036149777696830e-03
-3.208834229615054978e-04 -2.960554845721331081e-04 -1.650982907278449041e-03
-2.589447857227743796e-04 -2.602090915023507964e-04 -1.487783500386977197e-03
-2.010509803275623540e-04 -2.253739327215082224e-04 -1.325536924958028995e-03
-1.474316574615960212e-04 -1.918527824561954635e-04 -1.166087461023423760e-03
-9.823838268545499741e-05 -1.598975084051260673e-04 -1.011032906611904073e-03
-5.355187100396617284e-05 -1.297119880864846403e-04 -8.617327594075529368e-04
-1.338919451424334056e-05 -1.014551947694857469e-04 -7.193201502861287745e-04
2.228904422974464932e-05 -7.524447907455132385e-05 -5.847142457846162510e-04
5.357172053318156040e-05 -5.115900065184277241e-05 -4.586338490484811103e-04
8.059037512669042487e-05 -2.924310474695495645e-05 -3.416117563237513685e-04
1.035127267313008098e-04 -9.509887904760910401e-06 -2.340101034951061931e-04
1.225364338993048530e-04 8.055362317186495039e-06 -1.360355823070579135e-04
1.378832811796974669e-04 2.349178281652236145e-05 -4.775500829454244750e-05
1.497936617644578011e-04 3.685962923881073571e-05 3.088932626858718189e-05
1.585216073824003249e-04 4.823711182139967988e-05 1.000645469652189357e-04
1.643300853333727130e-04 5.771738503205984096e-05 1.600325412956791528e-04
1.674867906299786163e-04 6.540567393131354787e-05 2.111358108219059176e-04
1.682604592872587700e-04 7.141661789200098767e-05 2.537840593723132807e-04
1.669174161405802075e-04 7.587182762527433597e-05 2.884414847347657393e-04
1.637186698411551521e-04 7.889757248076346475e-05 3.156148715411103626e-04
1.589174377706277822e-04 8.062275436555776053e-05 3.358424918546052090e-04
1.527569184802039337e-04 8.117701847459838260e-05 3.496840349273341452e-04
1.454685591711530354e-04 8.068913111642420880e-05 3.577114619059661442e-04
1.372706488536975698e-04 7.928551390316111182e-05 3.605005900723294121e-04
1.283671720421328722e-04 7.708901247255087164e-05 3.586237713903150937e-04
1.189469620678134586e-04 7.421780203465965810e-05 3.526432745329922372e-04
1.091833363936723592e-04 7.078452744963227496e-05 3.431058654372735645e-04
9.923364723259389881e-05 6.689556058328176909e-05 3.305378828996603335e-04
8.923927508580621582e-05 6.265047264546409940e-05 3.154413042604702977e-04
7.932581767947055032e-05 5.814160425868616271e-05 2.982905145716058574e-04
6.960334402542600314e-05 5.345379513301048432e-05 2.795297792487954139e-04
6.016689599406644333e-05 4.866421471994329613e-05 2.595713159886950069e-04
5.109707781344022991e-05 4.384234269419044647e-05 2.387941222823100553e-04
4.246076606588803542e-05 3.905001132391356842e-05 2.175432719192974906e-04
3.431186201876420768e-05 3.434153903816741620e-05 1.961295632358080827e-04
2.669216445596686135e-05 2.976395844611103014e-05 1.748298187399410406e-04
1.963226204866205072e-05 2.535727692475406772e-05 1.538874973989335499e-04
1.315246317915453292e-05 2.115482188379075540e-05 1.335135544505268662e-04
7.263732278590466666e-06 1.718359905489680488e-05 1.138877180968942196e-04
1.968647538845593791e-06 1.346470614418423842e-05 9.515991601638446376e-05
-2.737662950994188112e-06 1.001376195049956223e-05 7.745189728956461796e-05
-6.866600740085785136e-06 6.841350949459091958e-06 6.085905625330077231e-05
-1.043520748962242523e-05 3.953473979739308228e-06 4.545230195219391174e-05
-1.346530007469739750e-05 1.352012359921337406e-06 3.128006438014061479e-05
-1.598266471513450830e-05 -9.648208223762333975e-07 1.837029420883767690e-05
-1.801627858432175395e-05 -3.002036345463913417e-06 6.732496714209058808e-06
-1.959759736822802294e-05 -4.767433651236171074e-06 -3.640246510017834538e-06
-2.075988841928393613e-05 -6.271183964968005395e-06 -1.276929410680896928e-05
-2.153761764760351395e-05 -7.525437232732464479e-06 -2.068851931982907552e-05
-2.196589910624631716e-05 -8.543942087514913388e-06 -2.744245193771530141e-05
-2.207999180055503045e-05 -9.341694517369390408e-06 -3.308451550225075341e-05
-2.191486489157433814e-05 -9.934619917018285609e-06 -3.767534349606752817e-05
-2.150480361021318008e-05 -1.033926653860061222e-05 -4.128122662013754545e-05
-2.088308356587446199e-05 -1.057253761776021077e-05 -4.397264719310699991e-05
-2.008167762394519240e-05 -1.065144792600836592e-05 -4.582295685381870218e-05
-1.913102629268599204e-05 -1.059290067812779098e-05 -4.690715848438138354e-05
-1.805984556451965215e-05 -1.041350107898219930e-05 -4.730080538134760228e-05
-1.689498361088459343e-05 -1.012939103947744129e-05 -4.707903070255160647e-05
-1.566131004624236376e-05 -9.756103433236360868e-06 -4.631569416204394665e-05
-1.438164753194005858e-05 -9.308452178451465876e-06 -4.508263945934301386e-05
-1.307673594923840288e-05 -8.800432904086998313e-06 -4.344904941543115546e-05
-1.176521611396503303e-05 -8.245148042263420094e-06 -4.148094441191348927e-05
-1.046365338830174212e-05 -7.654755532674123043e-06 -3.924072642668536247e-05
-9.186577577249887142e-06 -7.040429739992790330e-06 -3.678686311584128014e-05
-7.946541552398601023e-06 -6.412340283909058747e-06 -3.417363377649905464e-05
-6.754202674074746233e-06 -5.779646339181618438e-06 -3.145095021807828588e-05
-5.618409098957743580e-06 -5.150503963113028228e-06 -2.866428185401123904e-05
-4.546304000669892203e-06 -4.532081565165512912e-06 -2.585460196323365425e-05
-3.543437525548036980e-06 -3.930590439649023588e-06 -2.305842514453837743e-05
-2.613883023118139932e-06 -3.351318758857601023e-06 -2.030787571135716550e-05
-1.760359790365361045e-06 -2.798675744012121132e-06 -1.763081633895866978e-05
-9.843562231143729183e-07 -2.276239296700858930e-06 -1.505100113829103044e-05
-2.862550283950581654e-07 -1.786809533496218314e-06 -1.258825967024363956e-05
3.345442348823886679e-07 -1.332465373978904771e-06 -1.025872492787944131e-05
8.795037093952732338e-07 -9.146223501726056955e-07 -8.075054804874188762e-06
1.350830296577102653e-06 -5.340926551649606552e-07 -6.046684097264769235e-06
1.751362403266923126e-06 -1.911447846886868538e-07 -4.180088311402095499e-06
2.084463685615515965e-06 1.144365413442484936e-07 -2.479044011448080840e-06
2.353920482469447681e-06 3.832919075857264813e-07 -9.448949681939196250e-07
2.563848281561541376e-06 6.164302840584517248e-07 4.231800891303835832e-07
2.718603783504753673e-06 8.151742188139610894e-07 1.627908626605904970e-06
2.822704090251317115e-06 9.811076513392493257e-07 2.673670319266679778e-06
2.880754646456663020e-06 1.116026702942580880e-06 3.566254056741321803e-06
2.897382880411309180e-06 1.221893495014698262e-06 4.312624083449030186e-06
2.877179580091682209e-06 1.300792740727528275e-06 4.920700947458351872e-06
2.824649022103637211e-06 1.354893629175122593e-06 5.399154891675008884e-06
2.744162764628261646e-06 1.386412472850922422e-06 5.757215529468279220e-06
2.639924432365061487e-06 1.397581970685400847e-06 6.004494751402789556e-06
2.515937351250800091e-06 1.390621183536648891e-06 6.150827951963057727e-06
2.375979918284104160e-06 1.367711209244886279e-06 6.206128690938570381e-06
2.223585653122493380e-06 1.330972893252694570e-06 6.180260860579458459e-06
2.062029152784016015e-06 1.282448406790297027e-06 6.082924694523843957e-06
1.894316728120283682e-06 1.224085776625819839e-06 5.923559468274052700e-06
1.723180704283280602e-06 1.157726061046297057e-06 5.711260448555978398e-06
1.551079420741261141e-06 1.085093986290479987e-06 5.454708463117776062e-06
1.380197841956613217e-06 1.007790109654848290e-06 5.162113312301309203e-06
1.212453765835877662e-06 9.272860359380750698e-07 4.841169801053474412e-06
1.049505253509297794e-06 8.449220765559257076e-07 4.499023541600785424e-06
8.927607053290298670e-07 7.619055193261731930e-07 4.142249783675416215e-06
7.433910741978075708e-07 6.793122060326058132e-07 3.776837537183896460e-06
6.023428931179133306e-07 5.980882117682917582e-07 3.408189979315664620e-06
4.703529311829919037e-07 5.190536616120962608e-07 3.041122011874638491e-06
3.479636129022376581e-07 4.429076159716013357e-07 2.679873899495360362e-06
2.355390481907862216e-07 3.702333121475773832e-07 2.328124500748369845e-06
1.332810750822914427e-07 3.015048053416159642e-07 1.989013048576804277e-06
4.124570955275210280e-08 2.370937368848027690e-07 1.665163576954790114e-06
-4.064066864128219217e-08 1.772766749649452954e-07 1.358712502656375405e-06
-1.125654418183255985e-07 1.222429260745628688e-07 1.071339463912749702e-06
-1.748143286851628780e-07 7.210224467981747758e-08 8.042995839582373007e-07
-2.277565438714815234e-07 2.689273372149466622e-08 5.584585334646581987e-07
-2.718307621442050606e-07 -1.341130895455436397e-08 3.343260154207823574e-07
-3.075318014265917028e-07 -4.889171591789053270e-08 1.320913237336188836e-07
-3.353980405249251999e-07 -7.967897584972015626e-08 -4.834189648937672333e-08
-3.560000200210760107e-07 -1.059450200452620325e-07 -2.073216074633426780e-07
-3.699297810533538948e-07 -1.278963874026172295e-07 -3.454139638182455763e-07
-3.777912982078519792e-07 -1.457676820230201551e-07 -4.633712971351261529e-07
-3.801918029648579736e-07 -1.598155428806155134e-07 -5.621015158291542793e-07
-3.777340485892778583e-07 -1.703129887977988997e-07 -6.426391652822246856e-07
-3.710095927984460659e-07 -1.775442086982303598e-07 -7.061182531834135911e-07
-3.605929964296282833e-07 -1.817999052763072821e-07 -7.537471867577695904e-07
-3.470368363295107189e-07 -1.833729821664341634e-07 -7.867855674390718956e-07
-3.308676087990247635e-07 -1.825548036119844899e-07 -8.065230210976246750e-07
-3.125823709269103561e-07 -1.796318230784345858e-07 -8.142604200452112058e-07
-2.926461961453473416e-07 -1.748827334772832955e-07 -8.112923772619644744e-07
-2.714902658966082103e-07 -1.685759608896918830e-07 -7.988930992890184883e-07
-2.495104701885464369e-07 -1.609676799009188965e-07 -7.783029515654465174e-07
-2.270670513721096245e-07 -1.523001215456224101e-07 -7.507174155423506779e-07
-2.044839807523448812e-07 -1.428002247529273752e-07 -7.172780304630997281e-07
-1.820494801991681362e-07 -1.326787203468043622e-07 -6.790648109209640196e-07
-1.600166837026099761e-07 -1.221294694907238547e-07 -6.370903437496372040e-07
-1.386045533724949502e-07 -1.113290438543859486e-07 -5.922954115800207457e-07
-1.179992916047024262e-07 -1.004366174747490910e-07 -5.455459395077631090e-07
-9.835581049744988643e-08 -8.959406853362817260e-08 -4.976312648715536204e-07
-7.979953204529364053e-08 -7.892626560743781625e-08 -4.492634248089154790e-07
-6.242825830535232462e-08 -6.854150022244119371e-08 -4.010776142561217621e-07
-4.631421331349654738e-08 -5.853218021548257659e-08 -3.536333563923590237e-07
-3.150611680609063196e-08 -4.897544994197121339e-08 -3.074164618614467574e-07
-1.803131360144209527e-08 -3.993410627546597978e-08 -2.628417513266774091e-07
-5.897925245129871839e-09 -3.145746053785004239e-08 -2.202563886921494673e-07
4.903027367236261612e-09 -2.358232606143762275e-08 -1.799432779351892356e-07
1.439554032906014801e-08 -1.633400098027156988e-08 -1.421252868829848792e-07
2.261659673367458108e-08 -9.727312247121147887e-09 -1.069694455447779315e-07
2.961421778941200176e-08 -3.767636591479645312e-09 -7.459136708287868373e-08
3.544561213431185778e-08 1.548064408707401178e-09 -4.505984371418479685e-08
4.017542454317203723e-08 6.230235892442697723e-09 -1.840141398670494116e-08
4.387409158076075411e-08 1.029574732185506357e-08 5.395085051554841784e-09
4.661632447722392383e-08 1.376694825502216522e-08 2.637399430869891418e-08
4.847971922568655652e-08 1.667076129151745062e-08 4.460847528903323195e-08
4.954348117982831753e-08 1.903783346064321597e-08 6.019628472617668793e-08
4.988728959586926679e-08 2.090173392648731620e-08 7.325576946958458405e-08
4.959027985508189996e-08 2.229820417213012569e-08 8.392203948213430135e-08
4.873015608904696937e-08 2.326449167341151532e-08 9.234341675082941543e-08
4.738241830487902198e-08 2.383871060741353972e-08 9.867811478771776628e-08
4.561970719097521485e-08 2.405929797758539355e-08 1.030911789362928064e-07
4.351126024217766667e-08 2.396449995414041792e-08 1.057517192889250751e-07
4.112247602379411048e-08 2.359193931860040935e-08 1.068303916875579646e-07
3.851455794948427438e-08 2.297823538749534321e-08 1.064971967798710434e-07
3.574427573966822302e-08 2.215867482494110251e-08 1.049194444642860328e-07
3.286379049102662897e-08 2.116694447603659492e-08 1.022601190848621783e-07
2.992054017653857311e-08 2.003490872802911374e-08 9.867636548726876923e-08
2.695725872881449504e-08 1.879243457980248616e-08 9.431827404689740774e-08
2.401196172760353279e-08 1.746726600996484194e-08 8.932793922467629127e-08
2.111805771920969256e-08 1.608493333103964645e-08 8.383861353952491452e-08
1.830446430673890853e-08 1.466870707142367904e-08 7.797414779072956659e-08
1.559579103199357497e-08 1.323956696498077016e-08 7.184859666916232875e-08
1.301253656986247341e-08 1.181622819062053585e-08 6.556596431290581070e-08
1.057131375256362372e-08 1.041516602160017819e-08 5.922010889061206935e-08
8.285110375126960083e-09 9.050684207453398292e-09 5.289479985148602804e-08
6.163536483519365267e-09 7.734991307305968520e-09 4.666386741135494740e-08
4.213109829425802662e-09 6.478295311380614743e-09 4.059146653870626318e-08
2.437532578505041725e-09 5.288912574997677363e-09 3.473242681570201883e-08
8.379723919081527990e-10 4.173386294239491320e-09 2.913264682695889161e-08
-5.866593745805743750e-10 3.136614324493763109e-09 2.382961418023824000e-08
-1.839432850741885475e-09 2.181977197781220649e-09 1.885289690214409387e-08
-2.925133280468022038e-09 1.311475979923919634e-09 1.422470321574686660e-08
-3.850006179819705612e-09 5.258666489815000928e-10 9.960481075140673902e-09
-4.621511738569980905e-09 -1.752054269205573785e-10 6.069505375351342314e-09
-5.248095323305954228e-09 -7.930722044709687108e-10 2.555480866233173240e-09
-5.738970603356764138e-09 -1.329913953923282934e-09 -5.828583129735615946e-10
-6.103921760049496971e-09 -1.788635018678736428e-09 -3.351156454117812976e-09
-6.353118219399049159e-09 -2.172745439016953665e-09 -5.758864575433678300e-09
-6.496945685140622045e-09 -2.486247346658774888e-09 -7.818685215963721558e-09
-6.545860628352932947e-09 -2.733531497347201410e-09 -9.546041282927063141e-09
-6.510251933329396638e-09 -2.919277878514063026e-09 -1.095857809612695863e-08
-6.400326000040052013e-09 -3.048366454964737619e-09 -1.207569385856584328e-08
-6.226003773673526315e-09 -3.125796064734229607e-09 -1.291810113746853326e-08
-5.996833676952402872e-09 -3.156609278483241943e-09 -1.350742611439226763e-08
-5.721921637930001912e-09 -3.145826999342921179e-09 -1.386584441171562198e-08
-5.409870659451231111e-09 -3.098390616576915653e-09 -1.401574554411953202e-08
-5.068736291386857043e-09 -3.019111315491415693e-09 -1.397944428324991684e-08
-4.705993234809184981e-09 -2.912628133870513170e-09 -1.377891667167907497e-08
-4.328511090262481027e-09 -2.783370391674194902e-09 -1.343557261324593076e-08
-3.942542828252139559e-09 -2.635529662400333414e-09 -1.297007219602316164e-08
-3.553719620843241121e-09 -2.473036714063324580e-09 -1.240215235208705335e-08
-3.167056805200521563e-09 -2.299544214928046414e-09 -1.175050202074624948e-08
-2.786963226467706942e-09 -2.118414806429814910e-09 -1.103265719023726551e-08
-2.417258134464238891e-09 -1.932714145711004953e-09 -1.026492456441213444e-08
-2.061194242706708114e-09 -1.745208321420340018e-09 -9.462324312754163634e-09
-1.721483172846310695e-09 -1.558365245205518897e-09 -8.638559059969792550e-09
-1.400326763254008902e-09 -1.374359223760521715e-09 -7.806001163769878875e-09
-1.099447781251695285e-09 -1.195079208389255356e-09 -6.975699871117750811e-09
-8.201259528332168390e-10 -1.022138436061878745e-09 -6.157397221002622186e-09
-5.632327499812307298e-10 -8.568872510258083677e-10 -5.359564620818439332e-09
-3.292690106655727606e-10 -7.004271191247332297e-10 -4.589446578990764558e-09
-1.184012915893689023e-10 -5.536262323949797003e-10 -3.853115171975699199e-09
6.950141876764537059e-11 -4.171360081928832575e-10 -3.155534052922860695e-09
2.348316580040615787e-10 -2.914081598280886068e-10 -2.500625442108360785e-09
3.782085285433675598e-10 -1.767126244557350476e-10 -1.891343677261822131e-09
5.004439787846929344e-10 -7.315511824739582257e-11 -1.329751546878731733e-09
