3.919387459754943848e-01 2.008157372474670410e-01 5.321633219718933105e-01 7.230901718139648438e-01
3.913502991199493408e-01 2.016622722148895264e-01 5.327159762382507324e-01 7.227662205696105957e-01
3.894909918308258057e-01 2.018077224493026733e-01 5.326247215270996094e-01 7.237964272499084473e-01
3.863571584224700928e-01 2.012515068054199219e-01 5.318820476531982422e-01 7.261731624603271484e-01
3.819398283958435059e-01 1.999903470277786255e-01 5.304734706878662109e-01 7.298793196678161621e-01
3.762253820896148682e-01 1.980185359716415405e-01 5.283772945404052734e-01 7.348881363868713379e-01
3.692186772823333740e-01 1.953599303960800171e-01 5.255494713783264160e-01 7.411544322967529297e-01
3.609586954116821289e-01 1.920906752347946167e-01 5.219134092330932617e-01 7.486096620559692383e-01
3.514917492866516113e-01 1.883022040128707886e-01 5.173819661140441895e-01 7.571735382080078125e-01
3.408538401126861572e-01 1.840765923261642456e-01 5.118709206581115723e-01 7.667611837387084961e-01
3.290720283985137939e-01 1.794877946376800537e-01 5.052993297576904297e-01 7.772826552391052246e-01
3.161658048629760742e-01 1.746027469635009766e-01 4.975894987583160400e-01 7.886430621147155762e-01
3.021480441093444824e-01 1.694822162389755249e-01 4.886667728424072266e-01 8.007415533065795898e-01
2.870366871356964111e-01 1.641754209995269775e-01 4.784621596336364746e-01 8.134681582450866699e-01
2.709622085094451904e-01 1.586597859859466553e-01 4.669340550899505615e-01 8.266675472259521484e-01
2.541229128837585449e-01 1.528764963150024414e-01 4.540592730045318604e-01 8.401669859886169434e-01
2.367099076509475708e-01 1.467790305614471436e-01 4.398170113563537598e-01 8.538064360618591309e-01
2.189080715179443359e-01 1.403340250253677368e-01 4.241895079612731934e-01 8.674381375312805176e-01
2.008961588144302368e-01 1.335219144821166992e-01 4.071621000766754150e-01 8.809266090393066406e-01
1.828465908765792847e-01 1.263373941183090210e-01 3.887231647968292236e-01 8.941478133201599121e-01
1.649243682622909546e-01 1.187894046306610107e-01 3.688641488552093506e-01 9.069885611534118652e-01
1.472858339548110962e-01 1.109011992812156677e-01 3.475795686244964600e-01 9.193456172943115234e-01
1.300648003816604614e-01 1.027263328433036804e-01 3.249741494655609131e-01 9.310866594314575195e-01
1.133701577782630920e-01 9.434866905212402344e-02 3.013075888156890869e-01 9.420505762100219727e-01
9.729944169521331787e-02 8.586052060127258301e-02 2.768924534320831299e-01 9.520984292030334473e-01
8.194357901811599731e-02 7.735221832990646362e-02 2.520355880260467529e-01 9.611347913742065430e-01
6.738467514514923096e-02 6.891059130430221558e-02 2.270334213972091675e-01 9.691060781478881836e-01
5.369400605559349060e-02 6.061742827296257019e-02 2.021675407886505127e-01 9.759973883628845215e-01
4.093043506145477295e-02 5.254806950688362122e-02 1.777000874280929565e-01 9.818279147148132324e-01
2.913920581340789795e-02 4.477021843194961548e-02 1.538697183132171631e-01 9.866461753845214844e-01
1.835138350725173950e-02 3.734289109706878662e-02 1.308883130550384521e-01 9.905235767364501953e-01
8.583809249103069305e-03 3.031585179269313812e-02 1.089388057589530945e-01 9.935490489006042480e-01
-1.592091284692287445e-04 2.372902445495128632e-02 8.812955021858215332e-02 9.958263635635375977e-01
-7.885853759944438934e-03 1.761345192790031433e-02 6.849779188632965088e-02 9.974645972251892090e-01
-1.461715251207351685e-02 1.199221145361661911e-02 5.005854740738868713e-02 9.985672831535339355e-01
-2.038555964827537537e-02 6.880443543195724487e-03 3.282273560762405396e-02 9.992296695709228516e-01
-2.523296512663364410e-02 2.285477239638566971e-03 1.679790951311588287e-02 9.995378851890563965e-01
-2.920869551599025726e-02 -1.792826456949114799e-03 1.988845644518733025e-03 9.995698332786560059e-01
-3.236771747469902039e-02 -5.361555609852075577e-03 -1.160185039043426514e-02 9.993943572044372559e-01
-3.476894274353981018e-02 -8.434069342911243439e-03 -2.397325634956359863e-02 9.990721940994262695e-01
-3.647372499108314514e-02 -1.102922577410936356e-02 -3.512569889426231384e-02 9.986562132835388184e-01
-3.754455223679542542e-02 -1.317054405808448792e-02 -4.506036266684532166e-02 9.981916546821594238e-01
-3.804396092891693115e-02 -1.488534826785326004e-02 -5.377900972962379456e-02 9.977169036865234375e-01
-3.803357481956481934e-02 -1.620389893651008606e-02 -6.128369271755218506e-02 9.972638487815856934e-01
-3.757340461015701294e-02 -1.715857721865177155e-02 -6.757657974958419800e-02 9.968587160110473633e-01
-3.672123327851295471e-02 -1.778307743370532990e-02 -7.265973091125488281e-02 9.965219497680664062e-01
-3.553220257163047791e-02 -1.811170950531959534e-02 -7.653503865003585815e-02 9.962689280509948730e-01
-3.405845165252685547e-02 -1.817872934043407440e-02 -7.920408993959426880e-02 9.961105585098266602e-01
-3.234896808862686157e-02 -1.801776140928268433e-02 -8.066811412572860718e-02 9.960529804229736328e-01
-3.045069053769111633e-02 -1.765899732708930969e-02 -8.100063353776931763e-02 9.960922598838806152e-01
-2.840810455381870270e-02 -1.712979376316070557e-02 -8.032617717981338501e-02 9.962165355682373047e-01
-2.626217715442180634e-02 -1.645620726048946381e-02 -7.876895368099212646e-02 9.964110851287841797e-01
-2.405034191906452179e-02 -1.566297002136707306e-02 -7.644918560981750488e-02 9.966603517532348633e-01
-2.180645056068897247e-02 -1.477334834635257721e-02 -7.348213344812393188e-02 9.969486594200134277e-01
-1.956085674464702606e-02 -1.380906067788600922e-02 -6.997746974229812622e-02 9.972612261772155762e-01
-1.734045147895812988e-02 -1.279021240770816803e-02 -6.603864580392837524e-02 9.975844621658325195e-01
-1.516876276582479477e-02 -1.173525396734476089e-02 -6.176246702671051025e-02 9.979066252708435059e-01
-1.306607201695442200e-02 -1.066096033900976181e-02 -5.723868682980537415e-02 9.982181787490844727e-01
-1.104953791946172714e-02 -9.582417085766792297e-03 -5.254979804158210754e-02 9.985112547874450684e-01
-9.133351966738700867e-03 -8.513046428561210632e-03 -4.777086153626441956e-02 9.987803101539611816e-01
-7.328894454985857010e-03 -7.464630529284477234e-03 -4.296949505805969238e-02 9.990217089653015137e-01
-5.644921679049730301e-03 -6.447354797273874283e-03 -3.820586204528808594e-02 9.992331862449645996e-01
-4.087754059582948685e-03 -5.469868890941143036e-03 -3.353281691670417786e-02 9.994143247604370117e-01
-2.661470323801040649e-03 -4.539352376013994217e-03 -2.899609878659248352e-02 9.995657205581665039e-01
-1.368113560602068901e-03 -3.661597613245248795e-03 -2.463455684483051300e-02 9.996889233589172363e-01
-2.078956313198432326e-04 -2.841096837073564529e-03 -2.048048563301563263e-02 9.997861981391906738e-01
8.205977501347661018e-04 -2.081134356558322906e-03 -1.655996590852737427e-02 9.998604655265808105e-01
1.720204018056392670e-03 -1.383884460665285587e-03 -1.289325580000877380e-02 9.999144673347473145e-01
2.494988497346639633e-03 -7.505135145038366318e-04 -9.495225735008716583e-03 9.999515414237976074e-01
3.150050994008779526e-03 -1.812804548535495996e-04 -6.375775206834077835e-03 9.999747276306152344e-01
3.691348247230052948e-03 3.243613173253834248e-04 -3.540300764143466949e-03 9.999868869781494141e-01
4.125520586967468262e-03 7.676642853766679764e-04 -9.901409503072500229e-04 9.999907612800598145e-01
4.459732677787542343e-03 1.150489319115877151e-03 1.276964321732521057e-03 9.999885559082031250e-01
4.701524041593074799e-03 1.475212862715125084e-03 3.266431856900453568e-03 9.999825954437255859e-01
4.858679603785276413e-03 1.744638313539326191e-03 4.986403509974479675e-03 9.999743103981018066e-01
4.939101170748472214e-03 1.961912494152784348e-03 6.447331048548221588e-03 9.999651312828063965e-01
4.950702190399169922e-03 2.130446955561637878e-03 7.661581505089998245e-03 9.999561309814453125e-01
4.901308566331863403e-03 2.253847196698188782e-03 8.643065579235553741e-03 9.999480843544006348e-01
4.798573441803455353e-03 2.335845492780208588e-03 9.406886063516139984e-03 9.999415278434753418e-01
4.649907816201448441e-03 2.380240475758910179e-03 9.969023987650871277e-03 9.999366998672485352e-01
4.462417215108871460e-03 2.390845445916056633e-03 1.034603919833898544e-02 9.999336600303649902e-01
4.242853261530399323e-03 2.371439710259437561e-03 1.055480726063251495e-02 9.999324679374694824e-01
3.997571766376495361e-03 2.325726440176367760e-03 1.061227545142173767e-02 9.999330639839172363e-01
3.732502460479736328e-03 2.257297281175851822e-03 1.053525134921073914e-02 9.999350309371948242e-01
3.453128039836883545e-03 2.169602783396840096e-03 1.034022215753793716e-02 9.999382495880126953e-01
3.164468100294470787e-03 2.065926557406783104e-03 1.004318520426750183e-02 9.999424815177917480e-01
2.871073549613356590e-03 1.949363737367093563e-03 9.659514762461185455e-03 9.999473094940185547e-01
2.577027305960655212e-03 1.822808757424354553e-03 9.203854948282241821e-03 9.999526739120483398e-01
2.285946393385529518e-03 1.688939868472516537e-03 8.690020069479942322e-03 9.999582171440124512e-01
2.000994049012660980e-03 1.550215063616633415e-03 8.130927570164203644e-03 9.999637603759765625e-01
1.724894624203443527e-03 1.408866490237414837e-03 7.538548205047845840e-03 9.999691247940063477e-01
1.459949999116361141e-03 1.266899285838007927e-03 6.923867855221033096e-03 9.999741315841674805e-01
1.208061585202813148e-03 1.126095070503652096e-03 6.296869833022356033e-03 9.999788999557495117e-01
9.707539575174450874e-04 9.880146244540810585e-04 5.666532088071107864e-03 9.999830126762390137e-01
7.491998258046805859e-04 8.540061535313725471e-04 5.040835589170455933e-03 9.999867081642150879e-01
5.442462279461324215e-04 7.252125651575624943e-04 4.426781088113784790e-03 9.999898672103881836e-01
3.564421494957059622e-04 6.025820039212703705e-04 3.830419853329658508e-03 9.999924302101135254e-01
1.860668126028031111e-04 4.868787946179509163e-04 3.256891621276736259e-03 9.999946355819702148e-01
3.315686626592651010e-05 3.786952875088900328e-04 2.710464177653193474e-03 9.999962449073791504e-01
-1.024655502988025546e-04 2.784649259410798550e-04 2.194586209952831268e-03 9.999975562095642090e-01
-2.211660757893696427e-04 1.864750520326197147e-04 1.711939810775220394e-03 9.999985098838806152e-01
-3.234719333704560995e-04 1.028806436806917191e-04 1.264495891518890858e-03 9.999991655349731445e-01
-4.100468941032886505e-04 2.771755316643975675e-05 8.535736124031245708e-04 9.999995827674865723e-01
-4.816673754248768091e-04 -3.908404323738068342e-05 4.798993759322911501e-04 9.999997615814208984e-01
-5.392004386521875858e-04 -9.768663585418835282e-05 1.436668098904192448e-04 9.999998807907104492e-01
-5.835822666995227337e-04 -1.483326777815818787e-04 -1.554040936753153801e-04 9.999998807907104492e-01
-6.157993921078741550e-04 -1.913324085762724280e-04 -4.180085379630327225e-04 9.999997615814208984e-01
-6.368707399815320969e-04 -2.270523400511592627e-04 -6.452007801271975040e-04 9.999996423721313477e-01
-6.478318828158080578e-04 -2.559043350629508495e-04 -8.383399690501391888e-04 9.999994635581970215e-01
-6.497200811281800270e-04 -2.783352392725646496e-04 -9.990379912778735161e-04 9.999992847442626953e-01
-6.435620016418397427e-04 -2.948175242636352777e-04 -1.129111158661544323e-03 9.999991059303283691e-01
-6.303625996224582195e-04 -3.058408328797668219e-04 -1.230534748174250126e-03 9.999989867210388184e-01
-6.110953981988132000e-04 -3.119038883596658707e-04 -1.305400743149220943e-03 9.999989867210388184e-01
-5.866943974979221821e-04 -3.135073930025100708e-04 -1.355879358015954494e-03 9.999988675117492676e-01
-5.580474971793591976e-04 -3.111479745712131262e-04 -1.384183415211737156e-03 9.999988675117492676e-01
-5.259908502921462059e-04 -3.053124819416552782e-04 -1.392536680214107037e-03 9.999988675117492676e-01
-4.913051379844546318e-04 -2.964733284898102283e-04 -1.383146387524902821e-03 9.999988675117492676e-01
-4.547124262899160385e-04 -2.850844466593116522e-04 -1.358178094960749149e-03 9.999989867210388184e-01
-4.168740415479987860e-04 -2.715780574362725019e-04 -1.319734263233840466e-03 9.999989867210388184e-01
-3.783900465350598097e-04 -2.563618472777307034e-04 -1.269837259314954281e-03 9.999991059303283691e-01
-3.397986874915659428e-04 -2.398169162916019559e-04 -1.210412825457751751e-03 9.999992251396179199e-01
-3.015773836523294449e-04 -2.222962939413264394e-04 -1.143279019743204117e-03 9.999993443489074707e-01
-2.641438040882349014e-04 -2.041239495156332850e-04 -1.070136320777237415e-03 9.999994635581970215e-01
-2.278578322147950530e-04 -1.855941955000162125e-04 -9.925611084327101707e-04 9.999994635581970215e-01
-1.930239232024177909e-04 -1.669716730248183012e-04 -9.120007744058966637e-04 9.999995827674865723e-01
-1.598937669768929482e-04 -1.484914973843842745e-04 -8.297712192870676517e-04 9.999997019767761230e-01
-1.286694168811663985e-04 -1.303598110098391771e-04 -7.470559794455766678e-04 9.999997019767761230e-01
-9.950665116775780916e-05 -1.127548457589000463e-04 -6.649080896750092506e-04 9.999998211860656738e-01
-7.251834176713600755e-05 -9.582772327121347189e-05 -5.842514801770448685e-04 9.999998211860656738e-01
-4.777813228429295123e-05 -7.970401929924264550e-05 -5.058855167590081692e-04 9.999999403953552246e-01
-2.532404323574155569e-05 -6.448504427680745721e-05 -4.304892499931156635e-04 9.999999403953552246e-01
-5.162164598004892468e-06 -5.024952042731456459e-05 -3.586276725400239229e-04 9.999999403953552246e-01
1.272973622690187767e-05 -3.705521157826296985e-05 -2.907577145379036665e-04 1.000000000000000000e+00
2.839866647263988853e-05 -2.494063664926216006e-05 -2.272353158332407475e-04 1.000000000000000000e+00
4.191298648947849870e-05 -1.392686317558400333e-05 -1.683229202171787620e-04 1.000000000000000000e+00
5.335909736459143460e-05 -4.019261723442468792e-06 -1.141970642493106425e-04 1.000000000000000000e+00
6.283833499765023589e-05 4.790751518157776445e-06 -6.495621346402913332e-05 1.000000000000000000e+00
7.046400423860177398e-05 1.252398942597210407e-05 -2.062854764517396688e-05 1.000000000000000000e+00
7.635862857569009066e-05 1.921183320519048721e-05 1.882017204479780048e-05 1.000000000000000000e+00
8.065144356805831194e-05 2.489462895027827471e-05 5.347903061192482710e-05 1.000000000000000000e+00
8.347599214175716043e-05 2.962016333185601979e-05 8.348449773620814085e-05 1.000000000000000000e+00
8.496808732161298394e-05 3.344222932355478406e-05 1.090133519028313458e-04 1.000000000000000000e+00
8.526387682650238276e-05 3.641928196884691715e-05 1.302758319070562720e-04 1.000000000000000000e+00
8.449818415101617575e-05 3.861319783027283847e-05 1.475092431064695120e-04 1.000000000000000000e+00
8.280301699414849281e-05 4.008812538813799620e-05 1.609720347914844751e-04 1.000000000000000000e+00
8.030630851862952113e-05 4.090947186341509223e-05 1.709381467662751675e-04 1.000000000000000000e+00
7.713085506111383438e-05 4.114293915336020291e-05 1.776919671101495624e-04 1.000000000000000000e+00
7.339343574130907655e-05 4.085370528628118336e-05 1.815237046685069799e-04 1.000000000000000000e+00
6.920407031429931521e-05 4.010572229162789881e-05 1.827251835493370891e-04 1.000000000000000000e+00
6.466552440542727709e-05 3.896106863976456225e-05 1.815862051444128156e-04 1.000000000000000000e+00
5.987285840092226863e-05 3.747941445908509195e-05 1.783911866368725896e-04 1.000000000000000000e+00
5.491321644512936473e-05 3.571759225451387465e-05 1.734164834488183260e-04 1.000000000000000000e+00
4.986566636944189668e-05 3.372923674760386348e-05 1.669278572080656886e-04 1.000000000000000000e+00
4.480118514038622379e-05 3.156451202812604606e-05 1.591786131029948592e-04 1.000000000000000000e+00
3.978275344707071781e-05 2.926988781837280840e-05 1.504079409642145038e-04 1.000000000000000000e+00
3.486550485831685364e-05 2.688804306671954691e-05 1.408396492479369044e-04 1.000000000000000000e+00
3.009698411915451288e-05 2.445776408421806991e-05 1.306813064729794860e-04 1.000000000000000000e+00
2.551743455114774406e-05 2.201393363066017628e-05 1.201235354528762400e-04 1.000000000000000000e+00
2.116017276421189308e-05 1.958755819941870868e-05 1.093397368094883859e-04 1.000000000000000000e+00
1.705198337731417269e-05 1.720585714792832732e-05 9.848597983364015818e-05 1.000000000000000000e+00
1.321355375694110990e-05 1.489235637563979253e-05 8.770111890044063330e-05 1.000000000000000000e+00
9.659923307481221855e-06 1.266703748115105554e-05 7.710714271524921060e-05 1.000000000000000000e+00
6.400964593922253698e-06 1.054651329468470067e-05 6.680959631921723485e-05 1.000000000000000000e+00
3.441857188590802252e-06 8.544209777028299868e-06 5.689825047738850117e-05 1.000000000000000000e+00
7.835677138245955575e-07 6.670576112810522318e-06 4.744785474031232297e-05 1.000000000000000000e+00
-1.576672730152495205e-06 4.933302534482209012e-06 3.851895235129632056e-05 1.000000000000000000e+00
-3.644903699751012027e-06 3.337546331749763340e-06 3.015879519807640463e-05 1.000000000000000000e+00
-5.429983957583317533e-06 1.886163772724103183e-06 2.240231697214767337e-05 1.000000000000000000e+00
-6.943158950889483094e-06 5.799412292617489584e-07 1.527314270788338035e-05 1.000000000000000000e+00
-8.197650458896532655e-06 -5.821747208756278269e-07 8.784601050138007849e-06 1.000000000000000000e+00
-9.208265510096680373e-06 -1.602851739335164893e-06 2.940764261438744143e-06 1.000000000000000000e+00
-9.991039405576884747e-06 -2.486153334757545963e-06 -2.262534508190583438e-06 1.000000000000000000e+00
-1.056289420375833288e-05 -3.237327973693027161e-06 -6.836697593826102093e-06 1.000000000000000000e+00
-1.094133949663955718e-05 -3.862608537019696087e-06 -1.079938920156564564e-05 1.000000000000000000e+00
-1.114418591896537691e-05 -4.369024281913880259e-06 -1.417359544575447217e-05 1.000000000000000000e+00
-1.118930140364682302e-05 -4.764222921949112788e-06 -1.698673622740898281e-05 1.000000000000000000e+00
-1.109438926505390555e-05 -5.056308509665541351e-06 -1.926981349242851138e-05 1.000000000000000000e+00
-1.087678901967592537e-05 -5.253689323581056669e-06 -2.105663952534087002e-05 1.000000000000000000e+00
-1.055331449606455863e-05 -5.364940989238675684e-06 -2.238308297819457948e-05 1.000000000000000000e+00
-1.014010922517627478e-05 -5.398686425905907527e-06 -2.328642403881531209e-05 1.000000000000000000e+00
-9.652530934545211494e-06 -5.363484433473786339e-06 -2.380471596552524716e-05 1.000000000000000000e+00
-9.105056051339488477e-06 -5.267734650260536000e-06 -2.397625212324783206e-05 1.000000000000000000e+00
-8.511210580763872713e-06 -5.119593879499007016e-06 -2.383908031333703548e-05 1.000000000000000000e+00
-7.883512807893566787e-06 -4.926906967739341781e-06 -2.343055712117347866e-05 1.000000000000000000e+00
-7.233440555864945054e-06 -4.697148597188061103e-06 -2.278699503222014755e-05 1.000000000000000000e+00
-6.571413905476219952e-06 -4.437374172994168475e-06 -2.194333683291915804e-05 1.000000000000000000e+00
-5.906792011955985799e-06 -4.154187081439886242e-06 -2.093289003823883832e-05 1.000000000000000000e+00
-5.247883564152289182e-06 -3.853706857626093552e-06 -1.978712134587112814e-05 1.000000000000000000e+00
-4.601964519679313526e-06 -3.541553724062396213e-06 -1.853548747021704912e-05 1.000000000000000000e+00
-3.975315848947502673e-06 -3.222838813599082641e-06 -1.720531508908607066e-05 1.000000000000000000e+00
-3.373257641214877367e-06 -2.902161213569343090e-06 -1.582171535119414330e-05 1.000000000000000000e+00
-2.800198899421957321e-06 -2.583611831141752191e-06 -1.440753658243920654e-05 1.000000000000000000e+00
-2.259690063510788605e-06 -2.270782033519935794e-06 -1.298335519095417112e-05 1.000000000000000000e+00
-1.754478034854400903e-06 -1.966778881978825666e-06 -1.156748840003274381e-05 1.000000000000000000e+00
-1.286566885028150864e-06 -1.674244458627072163e-06 -1.017603062791749835e-05 1.000000000000000000e+00
-8.572793035455106292e-07 -1.395376557411509566e-06 -8.822925337881315500e-06 1.000000000000000000e+00
-4.673197224747127621e-07 -1.131954149968805723e-06 -7.520036433561472222e-06 1.000000000000000000e+00
-1.168372065762923739e-07 -8.853643294060020708e-07 -6.277252396102994680e-06 1.000000000000000000e+00
1.945119549873197684e-07 -6.566309593836194836e-07 -5.102594514028169215e-06 1.000000000000000000e+00
4.675032414525048807e-07 -4.464446305973979179e-07 -4.002335572295123711e-06 1.000000000000000000e+00
7.032844564491824713e-07 -2.551921340909757419e-07 -2.981125135192996822e-06 1.000000000000000000e+00
9.033191190610523336e-07 -8.298758302771602757e-08 -2.042123469436774030e-06 1.000000000000000000e+00
1.069332029146607965e-06 7.029756687870758469e-08 -1.187134330393746495e-06 1.000000000000000000e+00
1.203258534587803297e-06 2.050049801027853391e-07 -4.167408178545883857e-07 1.000000000000000000e+00
1.307196384914277587e-06 3.216605932720995042e-07 2.695606440283881966e-07 1.000000000000000000e+00
1.383362359774764627e-06 4.209470034766127355e-07 8.732284868528950028e-07 1.000000000000000000e+00
1.434051227988675237e-06 5.036771995037270244e-07 1.396548100274230819e-06 1.000000000000000000e+00
1.461599026697513182e-06 5.707694867851387244e-07 1.842508368099515792e-06 1.000000000000000000e+00
1.468350887989799958e-06 6.232243094927980565e-07 2.214684627688257024e-06 1.000000000000000000e+00
1.456630911889078561e-06 6.621029342568363063e-07 2.517127768442151137e-06 1.000000000000000000e+00
1.428716814189101569e-06 6.885072707518702373e-07 2.754260322035406716e-06 1.000000000000000000e+00
1.386818325954664033e-06 7.035621933937363792e-07 2.930779601229005493e-06 1.000000000000000000e+00
1.333057753072353080e-06 7.083990567480213940e-07 3.051569819945143536e-06 1.000000000000000000e+00
1.269454855901130941e-06 7.041415415187657345e-07 3.121622285107150674e-06 1.000000000000000000e+00
1.197914571093861014e-06 6.918928647792199627e-07 3.145961954942322336e-06 1.000000000000000000e+00
1.120217007155588362e-06 6.727250365656800568e-07 3.129583546979120001e-06 1.000000000000000000e+00
1.038010054799087811e-06 6.476693101831187960e-07 3.077393785133608617e-06 1.000000000000000000e+00
9.528062037134077400e-07 6.177086788738961332e-07 2.994164105984964408e-06 1.000000000000000000e+00
8.659786203679686878e-07 5.837713956680090632e-07 2.884487685150816105e-06 1.000000000000000000e+00
7.787610911691444926e-07 5.467263690661638975e-07 2.752745103862253018e-06 1.000000000000000000e+00
6.922496709194092546e-07 5.073794113741314504e-07 2.603076154628070071e-06 1.000000000000000000e+00
6.074048997106729075e-07 4.664708797008643160e-07 2.439357785988249816e-06 1.000000000000000000e+00
5.250561798675335012e-07 4.246741980296064867e-07 2.265187276861979626e-06 1.000000000000000000e+00
4.459069202766841045e-07 3.825956866876367712e-07 2.083872004732256755e-06 1.000000000000000000e+00
3.705407323195686331e-07 3.407749318284913898e-07 1.898423306556651369e-06 1.000000000000000000e+00
2.994279952872602735e-07 2.996859507220506202e-07 1.711553409222688060e-06 1.000000000000000000e+00
2.329334733985888306e-07 2.597391812741989270e-07 1.525678044345113449e-06 1.000000000000000000e+00
1.713241033485246589e-07 2.212837557635793928e-07 1.342921791547269095e-06 1.000000000000000000e+00
1.147771087062210427e-07 1.846105135427933419e-07 1.165125581792381126e-06 1.000000000000000000e+00
6.338817115647543687e-08 1.499551274264376843e-07 9.938578386936569586e-07 1.000000000000000000e+00
1.717978825865884573e-08 1.175017132482025772e-07 8.304269272230158094e-07 1.000000000000000000e+00
-2.389055708817977575e-08 8.738657442108888063e-08 6.758953077223850414e-07 1.000000000000000000e+00
-5.992236395968575380e-08 5.970208150074540754e-08 5.310954520609811880e-07 1.000000000000000000e+00
-9.106435072681051679e-08 3.450060503951135615e-08 3.966461576965230051e-07 1.000000000000000000e+00
-1.175069073156009836e-07 1.179856568001014239e-08 2.729700554482406005e-07 1.000000000000000000e+00
-1.394750626104723779e-07 -8.419627661737649760e-09 1.603110604264657013e-07 1.000000000000000000e+00
-1.572216916656543617e-07 -2.619770000933385745e-08 5.875212139017094159e-08 1.000000000000000000e+00
-1.710212984562531346e-07 -4.160371247508010129e-08 -3.176713647690121434e-08 1.000000000000000000e+00
-1.811641965332455584e-07 -5.472642428117069358e-08 -1.114331027451953560e-07 1.000000000000000000e+00
-1.879511586366788833e-07 -6.567186261463575647e-08 -1.805413774036424002e-07 1.000000000000000000e+00
-1.916886134267770103e-07 -7.456000616912206169e-08 -2.394805562744295457e-07 1.000000000000000000e+00
-1.926842543298334931e-07 -8.152171915298822569e-08 -2.887168477627710672e-07 1.000000000000000000e+00
-1.912432452400025795e-07 -8.669597661992156645e-08 -3.287793788331327960e-07 1.000000000000000000e+00
-1.876647814924581326e-07 -9.022718927553796675e-08 -3.602466449592611752e-07 1.000000000000000000e+00
-1.822392476924505900e-07 -9.226286579178122338e-08 -3.837337203549395781e-07 1.000000000000000000e+00
-1.752456597614582279e-07 -9.295148828414312447e-08 -3.998807187599595636e-07 1.000000000000000000e+00
-1.669496612066723173e-07 -9.244056542456746683e-08 -4.093421637207939057e-07 1.000000000000000000e+00
-1.576018462401407305e-07 -9.087500529858516529e-08 -4.127773820528091164e-07 1.000000000000000000e+00
-1.474365092235530028e-07 -8.839567300356065971e-08 -4.108420341708551859e-07 1.000000000000000000e+00
-1.366706783301196992e-07 -8.513811877719490440e-08 -4.041806676013948163e-07 1.000000000000000000e+00
-1.255035186886743759e-07 -8.123161876483209198e-08 -3.934202368327532895e-07 1.000000000000000000e+00
-1.141160197448698455e-07 -7.679830815732202609e-08 -3.791644758166512474e-07 1.000000000000000000e+00
-1.026708531526310253e-07 -7.195252749170322204e-08 -3.619895210249524098e-07 1.000000000000000000e+00
-9.131257883154830779e-08 -6.680037500927937799e-08 -3.424399324103433173e-07 1.000000000000000000e+00
-8.016799313281808281e-08 -6.143936559510621009e-08 -3.210259365005185828e-07 1.000000000000000000e+00
-6.934664043001248501e-08 -5.595824603688015486e-08 -2.982212095048453193e-07 1.000000000000000000e+00
-5.894152366181515390e-08 -5.043694528694686596e-08 -2.744613141203444684e-07 1.000000000000000000e+00
-4.902985750732113956e-08 -4.494663841114743263e-08 -2.501430458323739003e-07 1.000000000000000000e+00
-3.967397788073867559e-08 -3.954988159193817410e-08 -2.256239639564228128e-07 1.000000000000000000e+00
-3.092231892765084922e-08 -3.430087858191654959e-08 -2.012227184877701802e-07 1.000000000000000000e+00
-2.281042732477089885e-08 -2.924577735541333823e-08 -1.772196469573827926e-07 1.000000000000000000e+00
-1.536203342311637243e-08 -2.442305557792678883e-08 -1.538578970894377562e-07 1.000000000000000000e+00
-8.590125943896964600e-09 -1.986393627362303960e-08 -1.313447626216657227e-07 1.000000000000000000e+00
-2.498044660015352747e-09 -1.559285500718488038e-08 -1.098532891319337068e-07 1.000000000000000000e+00
2.919450237115484015e-09 -1.162795371101310593e-08 -8.952426355790521484e-08 1.000000000000000000e+00
7.675118318672957685e-09 -7.981585170568905596e-09 -7.046814687328151194e-08 1.000000000000000000e+00
1.178821840142063593e-08 -4.660837049641486374e-09 -5.276727321756879974e-08 1.000000000000000000e+00
1.528352022717172076e-08 -1.668052362902017194e-09 -3.647815205454207899e-08 1.000000000000000000e+00
1.819037720451888163e-08 9.986476090517726334e-10 -2.163374013264274254e-08 1.000000000000000000e+00
2.054183134703180258e-08 3.344853061193475696e-09 -8.245764071546091145e-09 1.000000000000000000e+00
2.237379703728947788e-08 5.379368950286789186e-09 3.692943062461040427e-09 1.000000000000000000e+00
2.372429364072559110e-08 7.113736710806506380e-09 1.420618289671438106e-08 1.000000000000000000e+00
2.463274029196327319e-08 8.561778841453815403e-09 2.333217530292586162e-08 1.000000000000000000e+00
2.513932706449395482e-08 9.739169470890374214e-09 3.112143787120658089e-08 1.000000000000000000e+00
2.528443587834772188e-08 1.066303134678037168e-08 3.763474509810293966e-08 1.000000000000000000e+00
2.510812890932356822e-08 1.135155702769452546e-08 4.294121680459284107e-08 1.000000000000000000e+00
2.464971338156374259e-08 1.182367626029190433e-08 4.711651513389369939e-08 1.000000000000000000e+00
2.394733833455120475e-08 1.209873001783989821e-08 5.024118365781760076e-08 1.000000000000000000e+00
2.303768731337640929e-08 1.219620227033146875e-08 5.239910194632102503e-08 1.000000000000000000e+00
2.195569592799984093e-08 1.213545797185133779e-08 5.367610000917011348e-08 1.000000000000000000e+00
2.073433691407444712e-08 1.193553078593367900e-08 5.415868997715733713e-08 1.000000000000000000e+00
1.940444604997537681e-08 1.161492857448820359e-08 5.393295055000635330e-08 1.000000000000000000e+00
1.799459958817806182e-08 1.119147263750619459e-08 5.308353223654194153e-08 1.000000000000000000e+00
1.653103254284360446e-08 1.068216270994071238e-08 5.169280825612077024e-08 1.000000000000000000e+00
1.503758895182727429e-08 1.010306505122571252e-08 4.984014978504092142e-08 1.000000000000000000e+00
1.353572187667850812e-08 9.469230732861433353e-09 4.760131133707545814e-08 1.000000000000000000e+00
1.204449873171142826e-08 8.794627248676079034e-09 4.504793693627107132e-08 1.000000000000000000e+00
1.058065546288844416e-08 8.092096770440093678e-09 4.224717642387076921e-08 1.000000000000000000e+00
9.158661384844890563e-09 7.373335719762508234e-09 3.926138703036485822e-08 1.000000000000000000e+00
7.790807110552577797e-09 6.648879669057805586e-09 3.614794863437964523e-08 1.000000000000000000e+00
6.487311132730155805e-09 5.928117108311425909e-09 3.295912520684396441e-08 1.000000000000000000e+00
5.256433510680835752e-09 5.219304100023691717e-09 2.974206836370285600e-08 1.000000000000000000e+00
4.104603767984826845e-09 4.529597585900546619e-09 2.653879604963549355e-08 1.000000000000000000e+00
3.036555451529920902e-09 3.865098019417700925e-09 2.338631155396342365e-08 1.000000000000000000e+00
2.055466019612595119e-09 3.230895107009246203e-09 2.031671897384512704e-08 1.000000000000000000e+00
1.163096841061417308e-09 2.631125761709540711e-09 1.735741328445783438e-08 1.000000000000000000e+00
3.599367470741299257e-10 2.069033167018119457e-09 1.453129350181825430e-08 1.000000000000000000e+00
-3.546567206580419906e-10 1.547030836768215067e-09 1.185700337913431213e-08 1.000000000000000000e+00
-9.823187818724932185e-10 1.066770782820469776e-09 9.349200524866319029e-09 1.000000000000000000e+00
-1.525542803193502550e-09 6.292107945782277056e-10 7.018837955286016950e-09 1.000000000000000000e+00
-1.987550790616410268e-09 2.346833838373640901e-10 4.873470071942165305e-09 1.000000000000000000e+00
-2.372170904152426374e-09 -1.170357422086709676e-10 2.917544872360622321e-09 1.000000000000000000e+00
-2.683721245233527952e-09 -4.266607067648919838e-10 1.152714257379727769e-09 1.000000000000000000e+00
-2.926900055655323740e-09 -6.953302378320813659e-10 -4.218626281637938291e-10 1.000000000000000000e+00
-3.106686241594047715e-09 -9.245447185612931662e-10 -1.809222327509019124e-09 1.000000000000000000e+00
-3.228246336917095505e-09 -1.116106540521855095e-09 -3.014305471893408139e-09 1.000000000000000000e+00
-3.296851014411572578e-09 -1.272063010482327172e-09 -4.043677392928657355e-09 1.000000000000000000e+00
-3.317799368574014807e-09 -1.394653725839134495e-09 -4.905261086207701737e-09 1.000000000000000000e+00
-3.296351414050491258e-09 -1.486261225203122649e-09 -5.608084663322188135e-09 1.000000000000000000e+00
-3.237669465860903983e-09 -1.549365524766699309e-09 -6.162044208224415343e-09 1.000000000000000000e+00
-3.146767513229065116e-09 -1.586503484141132958e-09 -6.577685063291482948e-09 1.000000000000000000e+00
-3.028467698840131561e-09 -1.600231169796018094e-09 -6.865999324645599700e-09 1.000000000000000000e+00
-2.887364569659212066e-09 -1.593091214502351249e-09 -7.038241101042785886e-09 1.000000000000000000e+00
-2.727795767043517117e-09 -1.567583396422378428e-09 -7.105762644954438656e-09 1.000000000000000000e+00
-2.553819822281866436e-09 -1.526139770113843497e-09 -7.079861585879143604e-09 1.000000000000000000e+00
-2.369199503249319605e-09 -1.471102795136403074e-09 -6.971657473542336447e-09 1.000000000000000000e+00
-2.177389601953905185e-09 -1.404708016572442375e-09 -6.791974538344902612e-09 1.000000000000000000e+00
-1.981533825912151769e-09 -1.329069299060847698e-09 -6.551245324004639770e-09 1.000000000000000000e+00
-1.784459358056267320e-09 -1.246167058432945396e-09 -6.259431639676904524e-09 1.000000000000000000e+00
-1.588681408648540128e-09 -1.157840268106724579e-09 -5.925958390662344755e-09 1.000000000000000000e+00
-1.396408988441066867e-09 -1.065780685927109062e-09 -5.559662064058557007e-09 1.000000000000000000e+00
-1.209552902281529896e-09 -9.715291904299760972e-10 -5.168752537088039389e-09 1.000000000000000000e+00
-1.029738072588770592e-09 -8.764748371525854509e-10 -4.760786431745600567e-09 1.000000000000000000e+00
-8.583163624287237781e-10 -7.818557468119990972e-10 -4.342652015765224860e-09 1.000000000000000000e+00
-6.963822851702161643e-10 -6.887616033068866273e-10 -3.920562985371134346e-09 1.000000000000000000e+00
-5.447893247634283398e-10 -5.981374284758089743e-10 -3.500062462080677506e-09 1.000000000000000000e+00
-4.041677548194400060e-10 -5.107896328127026209e-10 -3.086033206756155778e-09 1.000000000000000000e+00
-2.749427352455313667e-10 -4.273914278041246462e-10 -2.682714717039402785e-09 1.000000000000000000e+00
-1.573528946030577913e-10 -3.484908195350300275e-10 -2.293726986124511313e-09 1.000000000000000000e+00
-5.146910675435378835e-11 -2.745181304497634756e-10 -1.922099590601078489e-09 1.000000000000000000e+00
4.278698575999051457e-11 -2.057946174582880872e-10 -1.570301333408963274e-09 1.000000000000000000e+00
1.256247883496541817e-10 -1.425410484090505747e-10 -1.240277103242704015e-09 1.000000000000000000e+00
1.973670393784487942e-10 -8.488681285667709631e-11 -9.334845119113310830e-10 1.000000000000000000e+00
2.584328029353599732e-10 -3.287883160174587260e-11 -6.509324745884725871e-10 1.000000000000000000e+00
3.093213185589860359e-10 1.350941060407340188e-11 -3.932213166191189657e-10 1.000000000000000000e+00
3.505967183237146401e-10 5.436906480582592849e-11 -1.605826305262070264e-10 1.000000000000000000e+00
3.828736772071295036e-10 8.984734484185352699e-11 4.708099882178018447e-11 1.000000000000000000e+00
4.068041736804417496e-10 1.201392874072837458e-10 2.301565188433940534e-10 1.000000000000000000e+00
4.230653605219458768e-10 1.454798365108089797e-10 3.892823841056269885e-10 1.000000000000000000e+00
4.323484348311978920e-10 1.661364379401675251e-10 5.253116830417070560e-10 1.000000000000000000e+00
4.353487292885205306e-10 1.824020379181945373e-10 6.392771867425040000e-10 1.000000000000000000e+00
4.327568303708062558e-10 1.945885397258706462e-10 7.323579520601697368e-10 1.000000000000000000e+00
4.252508345459204975e-10 2.030209889092304820e-10 8.058483325079635051e-10 1.000000000000000000e+00
4.134896036678270548e-10 2.080319944086639339e-10 8.611290014393091496e-10 1.000000000000000000e+00
3.981070473280112765e-10 2.099569823554858772e-10 8.996402511840528859e-10 1.000000000000000000e+00
3.797073766520497884e-10 2.091297135464742496e-10 9.228578456976777034e-10 1.000000000000000000e+00
3.588613017857511522e-10 2.058785086855863256e-10 9.322710381454157869e-10 1.000000000000000000e+00
3.361029232706869152e-10 2.005229315926726485e-10 9.293633640439225019e-10 1.000000000000000000e+00
3.119276503760204378e-10 1.933709165014008136e-10 9.155948776928823918e-10 1.000000000000000000e+00
2.867906745418480341e-10 1.847164365909037542e-10 8.923878858091427446e-10 1.000000000000000000e+00
2.611059701784768095e-10 1.748375610954866488e-10 8.611137358727205537e-10 1.000000000000000000e+00
2.352464611998783539e-10 1.639949287479680606e-10 8.230822134969173476e-10 1.000000000000000000e+00
2.095438961235984721e-10 1.524306514344431207e-10 7.795333267779369635e-10 1.000000000000000000e+00
1.842898195159037300e-10 1.403675231603784823e-10 7.316299233117717904e-10 1.000000000000000000e+00
1.597365850702914258e-10 1.280086175947658944e-10 6.804528052128944182e-10 1.000000000000000000e+00
1.360989515530874883e-10 1.155370174532599492e-10 6.269972874228812998e-10 1.000000000000000000e+00
1.135558036491346456e-10 1.031160434816769111e-10 5.721709772643635006e-10 1.000000000000000000e+00
9.225211566876723168e-11 9.088946956170573799e-11 5.167929417737582298e-10 1.000000000000000000e+00
7.230122750501166706e-11 7.898211945578381687e-11 4.615942073016299219e-10 1.000000000000000000e+00
5.378700262959057454e-11 6.750053294091173939e-11 4.072190640247441706e-10 1.000000000000000000e+00
3.676631915583428167e-11 5.653379153702786653e-11 3.542273696588438270e-10 1.000000000000000000e+00
2.127148457375938051e-11 4.615446913547316399e-11 3.030976025719667177e-10 1.000000000000000000e+00
7.312688649063758817e-12 3.641966589418288436e-11 2.542303034758219837e-10 1.000000000000000000e+00
-5.119568831368770390e-12 2.737212366488162019e-11 2.079526134624032352e-10 1.000000000000000000e+00
-1.605207980426293091e-11 1.904134315500183305e-11 1.645225622404211663e-10 1.000000000000000000e+00
-2.552660340049417442e-11 1.144478695841444349e-11 1.241339531166119059e-10 1.000000000000000000e+00
-3.359764202959247825e-11 4.589052228498591290e-12 8.692159492174056368e-11 1.000000000000000000e+00
-4.033029812888777599e-11 -1.528955781426866167e-12 5.296642638374926548e-11 1.000000000000000000e+00
-4.579827142525694228e-11 -6.920860586012711479e-12 2.230077754405979107e-11 1.000000000000000000e+00
-5.008196635181150214e-11 -1.160568863234345827e-11 -5.086398316422879873e-12 1.000000000000000000e+00
-5.326676599803903400e-11 -1.560878509776486567e-11 -2.924435693607563280e-11 1.000000000000000000e+00
-5.544141534752355938e-11 -1.896078086205399416e-11 -5.025557400784030904e-11 1.000000000000000000e+00
-5.669654676299096252e-11 -2.169660111295268479e-11 -6.823090009655530253e-11 1.000000000000000000e+00
-5.712341016872457544e-11 -2.385456242259831328e-11 -8.330492545782774982e-11 1.000000000000000000e+00
-5.681266568302589803e-11 -2.547550538578580159e-11 -9.563163455572620819e-11 1.000000000000000000e+00
-5.585338094804548348e-11 -2.660201572912690438e-11 -1.053803086459303984e-10 1.000000000000000000e+00
-5.433213254302238227e-11 -2.727771654387201039e-11 -1.127316989757431998e-10 1.000000000000000000e+00
-5.233224617540166435e-11 -2.754661256043622330e-11 -1.178745295815630811e-10 1.000000000000000000e+00
-4.993318605817087530e-11 -2.745251942437576531e-11 -1.210023192754761112e-10 1.000000000000000000e+00
-4.721002755392333938e-11 -2.703855889185646788e-11 -1.223104534320285097e-10 1.000000000000000000e+00
-4.423306859679954073e-11 -2.634671647516739768e-11 -1.219936651697395291e-10 1.000000000000000000e+00
-4.106753825894315924e-11 -2.541747541606742544e-11 -1.202437316383253574e-10 1.000000000000000000e+00
-3.777338511423700140e-11 -2.428948882304826640e-11 -1.172474894950426005e-10 1.000000000000000000e+00
-3.440517662434139368e-11 -2.299933507532436749e-11 -1.131852320201964801e-10 1.000000000000000000e+00
-3.101205403588380705e-11 -2.158131659490969412e-11 -1.082291964382697813e-10 1.000000000000000000e+00
-2.763778442216313636e-11 -2.006730892567532010e-11 -1.025424745115799396e-10 1.000000000000000000e+00
-2.432084221515307121e-11 -1.848665664994086910e-11 -9.627809660628372512e-11 1.000000000000000000e+00
-2.109455665699755400e-11 -1.686611267315285545e-11 -8.957836555856246719e-11 1.000000000000000000e+00
-1.798731302793399323e-11 -1.522981567247949641e-11 -8.257435707426097338e-11 1.000000000000000000e+00
-1.502277469089818851e-11 -1.359930223987504405e-11 -7.538564911202527696e-11 1.000000000000000000e+00
-1.222015631047179696e-11 -1.199354678071973268e-11 -6.812021086100017442e-11 1.000000000000000000e+00
-9.594491867659371565e-12 -1.042903350484403191e-11 -6.087446519087436059e-11 1.000000000000000000e+00
-7.156949078518382024e-12 -8.919840560617231517e-12 -5.373342742975850683e-11 1.000000000000000000e+00
-4.915132970767510656e-12 -7.477751924611641954e-12 -4.677102455330484077e-11 1.000000000000000000e+00
-2.873414180204481028e-12 -6.112379699607650707e-12 -4.005047682387186114e-11 1.000000000000000000e+00
-1.033246188261727205e-12 -4.831300290386586482e-12 -3.362477310475675552e-11 1.000000000000000000e+00
6.065142962516367753e-13 -3.640198385779225276e-12 -2.753722944115466476e-11 1.000000000000000000e+00
2.049292810099578865e-12 -2.543015928044289886e-12 -2.182207366197008724e-11 1.000000000000000000e+00
3.300492041127811582e-12 -1.542108563241939567e-12 -1.650508722750299029e-11 1.000000000000000000e+00
4.367197575794179443e-12 -6.383988390007422353e-13 -1.160427136326358522e-11 1.000000000000000000e+00
