3.919387459754943848e-01 2.008157372474670410e-01 5.321633219718933105e-01 7.230901718139648438e-01
3.915582001209259033e-01 2.019445002079010010e-01 5.325628519058227539e-01 7.226876616477966309e-01
3.902616798877716064e-01 2.028525024652481079e-01 5.320583581924438477e-01 7.235057950019836426e-01
3.880569040775299072e-01 2.035514861345291138e-01 5.306379199028015137e-01 7.255356907844543457e-01
3.849647939205169678e-01 2.040285766124725342e-01 5.282943844795227051e-01 7.287520766258239746e-01
3.810298740863800049e-01 2.042416632175445557e-01 5.250275135040283203e-01 7.331082224845886230e-01
3.762988746166229248e-01 2.041390240192413330e-01 5.208367109298706055e-01 7.385496497154235840e-01
3.708082139492034912e-01 2.036700695753097534e-01 5.157172679901123047e-01 7.450205087661743164e-01
3.645877242088317871e-01 2.027846723794937134e-01 5.096608996391296387e-01 7.524625658988952637e-01
3.576622307300567627e-01 2.014345377683639526e-01 5.026553273200988770e-01 7.608150243759155273e-01
3.500528633594512939e-01 1.995735764503479004e-01 4.946843683719635010e-01 7.700135707855224609e-01
3.417787849903106689e-01 1.971589177846908569e-01 4.857279658317565918e-01 7.799896597862243652e-01
3.328582048416137695e-01 1.941502094268798828e-01 4.757632315158843994e-01 7.906708717346191406e-01
3.233105242252349854e-01 1.905112713575363159e-01 4.647636413574218750e-01 8.019791245460510254e-01
3.131562471389770508e-01 1.862121522426605225e-01 4.526993930339813232e-01 8.138313293457031250e-01
3.024190664291381836e-01 1.812282651662826538e-01 4.395383894443511963e-01 8.261386156082153320e-01
2.911261320114135742e-01 1.755427122116088867e-01 4.252462089061737061e-01 8.388062715530395508e-01
2.792894542217254639e-01 1.691792607307434082e-01 4.098811447620391846e-01 8.516885042190551758e-01
2.669172883033752441e-01 1.621941328048706055e-01 3.935758769512176514e-01 8.646075725555419922e-01
2.540290951728820801e-01 1.546543091535568237e-01 3.764749467372894287e-01 8.773926496505737305e-01
2.406596988439559937e-01 1.466356962919235229e-01 3.587305247783660889e-01 8.898838758468627930e-01
2.268601506948471069e-01 1.382224857807159424e-01 3.405032753944396973e-01 9.019349217414855957e-01
2.126985341310501099e-01 1.295053809881210327e-01 3.219561874866485596e-01 9.134177565574645996e-01
1.982580423355102539e-01 1.205777600407600403e-01 3.032526373863220215e-01 9.242254495620727539e-01
1.836354136466979980e-01 1.115348190069198608e-01 2.845546603202819824e-01 9.342733621597290039e-01
1.689387857913970947e-01 1.024713218212127686e-01 2.660197615623474121e-01 9.435003399848937988e-01
1.542856693267822266e-01 9.348018467426300049e-02 2.477920353412628174e-01 9.518700242042541504e-01
1.397997885942459106e-01 8.464886993169784546e-02 2.300010025501251221e-01 9.593696594238281250e-01
1.256055235862731934e-01 7.605814188718795776e-02 2.127627581357955933e-01 9.660075306892395020e-01
1.118231266736984253e-01 6.778179109096527100e-02 1.961770653724670410e-01 9.718106389045715332e-01
9.856683760881423950e-02 5.988406762480735779e-02 1.803252547979354858e-01 9.768220186233520508e-01
8.594071120023727417e-02 5.241851136088371277e-02 1.652696728706359863e-01 9.810975790023803711e-01
7.403457909822463989e-02 4.542807117104530334e-02 1.510567516088485718e-01 9.847015142440795898e-01
6.292173266410827637e-02 3.894419968128204346e-02 1.377169042825698853e-01 9.877035617828369141e-01
5.265745893120765686e-02 3.298680111765861511e-02 1.252646446228027344e-01 9.901757240295410156e-01
4.327669367194175720e-02 2.756440266966819763e-02 1.137010306119918823e-01 9.921891689300537109e-01
3.479574620723724365e-02 2.267546392977237701e-02 1.030139774084091187e-01 9.938125014305114746e-01
2.721271291375160217e-02 1.830950006842613220e-02 9.318011999130249023e-02 9.951089620590209961e-01
2.050881460309028625e-02 1.444750651717185974e-02 8.416758477687835693e-02 9.961358308792114258e-01
1.465020049363374710e-02 1.106416899710893631e-02 7.593765854835510254e-02 9.969435930252075195e-01
9.591097012162208557e-03 8.129488676786422729e-03 6.844614446163177490e-02 9.975756406784057617e-01
5.276890937238931656e-03 5.610051099210977554e-03 6.164569035172462463e-02 9.980684518814086914e-01
1.647359458729624748e-03 3.470360767096281052e-03 5.548735707998275757e-02 9.984520077705383301e-01
-1.361003727652132511e-03 1.674377941526472569e-03 4.992173239588737488e-02 9.987508058547973633e-01
-3.813649062067270279e-03 1.868255349108949304e-04 4.490029066801071167e-02 9.989842176437377930e-01
-5.774302873760461807e-03 -1.026967889629304409e-03 4.037604480981826782e-02 9.991673827171325684e-01
-7.303971331566572189e-03 -2.000105334445834160e-03 3.630386292934417725e-02 9.993121623992919922e-01
-8.460629731416702271e-03 -2.762804739177227020e-03 3.264163434505462646e-02 9.994274973869323730e-01
-9.298280812799930573e-03 -3.343074815347790718e-03 2.935021743178367615e-02 9.995203614234924316e-01
-9.865419939160346985e-03 -3.767211688682436943e-03 2.639350295066833496e-02 9.995958209037780762e-01
-1.020575221627950668e-02 -4.058512859046459198e-03 2.373801730573177338e-02 9.996579289436340332e-01
-1.035833451896905899e-02 -4.238015972077846527e-03 2.135319449007511139e-02 9.997093677520751953e-01
-1.035707443952560425e-02 -4.324581939727067947e-03 1.921114884316921234e-02 9.997524619102478027e-01
-1.023217942565679550e-02 -4.334260709583759308e-03 1.728659123182296753e-02 9.997888803482055664e-01
-1.000980287790298462e-02 -4.280820488929748535e-03 1.555642485618591309e-02 9.998196959495544434e-01
-9.711745195090770721e-03 -4.176569171249866486e-03 1.399964280426502228e-02 9.998461604118347168e-01
-9.356901980936527252e-03 -4.032182972878217697e-03 1.259829755872488022e-02 9.998688101768493652e-01
-8.961519226431846619e-03 -3.857167437672615051e-03 1.133621018379926682e-02 9.998881816864013672e-01
-8.538991212844848633e-03 -3.659265115857124329e-03 1.019845809787511826e-02 9.999049305915832520e-01
-8.099679835140705109e-03 -3.445397596806287766e-03 9.172121062874794006e-03 9.999192357063293457e-01
-7.652919739484786987e-03 -3.221397986635565758e-03 8.245520293712615967e-03 9.999315142631530762e-01
-7.205778267234563828e-03 -2.991667483001947403e-03 7.408558391034603119e-03 9.999421238899230957e-01
-6.763651035726070404e-03 -2.759733237326145172e-03 6.651452742516994476e-03 9.999512434005737305e-01
-6.331338547170162201e-03 -2.528747078031301498e-03 5.965473596006631851e-03 9.999589323997497559e-01
-5.912068765610456467e-03 -2.300968393683433533e-03 5.343115888535976410e-03 9.999656081199645996e-01
-5.508163943886756897e-03 -2.078550867736339569e-03 4.778412636369466782e-03 9.999713301658630371e-01
-5.121467169374227524e-03 -1.863406156189739704e-03 4.265497438609600067e-03 9.999760389328002930e-01
-4.753456450998783112e-03 -1.656947541050612926e-03 3.798608900979161263e-03 9.999801516532897949e-01
-4.404793959110975266e-03 -1.459317514672875404e-03 3.373072482645511627e-03 9.999836087226867676e-01
-4.075441043823957443e-03 -1.270623062737286091e-03 2.985314233228564262e-03 9.999864697456359863e-01
-3.765686415135860443e-03 -1.091789104975759983e-03 2.631058217957615852e-03 9.999889135360717773e-01
-3.475284902378916740e-03 -9.231021394953131676e-04 2.306856680661439896e-03 9.999909400939941406e-01
-3.203450469300150871e-03 -7.644955185241997242e-04 2.010144293308258057e-03 9.999926090240478516e-01
-2.950037131085991859e-03 -6.154754664748907089e-04 1.738333492539823055e-03 9.999939203262329102e-01
-2.714541042223572731e-03 -4.755192203447222710e-04 1.489056274294853210e-03 9.999951124191284180e-01
-2.495549619197845459e-03 -3.444593749009072781e-04 1.260102493688464165e-03 9.999960660934448242e-01
-2.292399061843752861e-03 -2.222751645604148507e-04 1.049551647156476974e-03 9.999967813491821289e-01
-2.104202518239617348e-03 -1.085797994164749980e-04 8.562497096136212349e-04 9.999974966049194336e-01
-1.930278609506785870e-03 -3.155426384182646871e-06 6.782651180401444435e-04 9.999979734420776367e-01
-1.769788679666817188e-03 9.408213372807949781e-05 5.143567686900496483e-04 9.999982714653015137e-01
-1.621940056793391705e-03 1.839303586166352034e-04 3.636832989286631346e-04 9.999986886978149414e-01
-1.485769636929035187e-03 2.666524378582835197e-04 2.248576784040778875e-04 9.999988675117492676e-01
-1.360346097499132156e-03 3.425429458729922771e-04 9.643710654927417636e-05 9.999990463256835938e-01
-1.245074090547859669e-03 4.125003470107913017e-04 -2.229783422080799937e-05 9.999992251396179199e-01
-1.138799940235912800e-03 4.768343060277402401e-04 -1.316649140790104866e-04 9.999992251396179199e-01
-1.041665207594633102e-03 5.357926129363477230e-04 -2.326218091184273362e-04 9.999993443489074707e-01
-9.532397380098700523e-04 5.892298067919909954e-04 -3.258133074268698692e-04 9.999993443489074707e-01
-8.724940707907080650e-04 6.381467683240771294e-04 -4.119014774914830923e-04 9.999993443489074707e-01
-7.985567790456116199e-04 6.831297068856656551e-04 -4.914560704492032528e-04 9.999993443489074707e-01
-7.308132480829954147e-04 7.243951549753546715e-04 -5.649878876283764839e-04 9.999993443489074707e-01
-6.684635300189256668e-04 7.625829312019050121e-04 -6.331198965199291706e-04 9.999993443489074707e-01
-6.111298571340739727e-04 7.978317444212734699e-04 -6.958554149605333805e-04 9.999992847442626953e-01
-5.589823704212903976e-04 8.301832131110131741e-04 -7.532188901677727699e-04 9.999992251396179199e-01
-5.117612890899181366e-04 8.598652784712612629e-04 -8.061678381636738777e-04 9.999992251396179199e-01
-4.683361330535262823e-04 8.873570477589964867e-04 -8.561536087654531002e-04 9.999991059303283691e-01
-4.283424932509660721e-04 9.127833181992173195e-04 -9.031463996507227421e-04 9.999991059303283691e-01
-3.918605507351458073e-04 9.357159724459052086e-04 -9.466406190767884254e-04 9.999991059303283691e-01
-3.583948127925395966e-04 9.565327200107276440e-04 -9.869309142231941223e-04 9.999989867210388184e-01
-3.277032228652387857e-04 9.755698265507817268e-04 -1.024527475237846375e-03 9.999989867210388184e-01
-2.993856323882937431e-04 9.928513318300247192e-04 -1.059464295394718647e-03 9.999988675117492676e-01
-2.734308363869786263e-04 1.008641906082630157e-03 -1.091362908482551575e-03 9.999988675117492676e-01
-2.495340013410896063e-04 1.023251446895301342e-03 -1.120354281738400459e-03 9.999988675117492676e-01
-2.277533931192010641e-04 1.037023845128715038e-03 -1.147277071140706539e-03 9.999987483024597168e-01
-2.078588440781459212e-04 1.049818238243460655e-03 -1.172192161902785301e-03 9.999987483024597168e-01
-1.898714835988357663e-04 1.061299117282032967e-03 -1.195121672935783863e-03 9.999987483024597168e-01
-1.735874975565820932e-04 1.071354490704834461e-03 -1.216195640154182911e-03 9.999986290931701660e-01
-1.587809383636340499e-04 1.080030575394630432e-03 -1.235766103491187096e-03 9.999986886978149414e-01
-1.451709977118298411e-04 1.087697572074830532e-03 -1.253624330274760723e-03 9.999986290931701660e-01
-1.325073681073263288e-04 1.094572478905320168e-03 -1.269511762075126171e-03 9.999986290931701660e-01
-1.204846703330986202e-04 1.100708264857530594e-03 -1.283663790673017502e-03 9.999986290931701660e-01
-1.088850476662628353e-04 1.106145326048135757e-03 -1.296232338063418865e-03 9.999986290931701660e-01
-9.785550355445593596e-05 1.111019984818994999e-03 -1.307516940869390965e-03 9.999985694885253906e-01
-8.752801659284159541e-05 1.115420833230018616e-03 -1.317709451541304588e-03 9.999985098838806152e-01
-7.813137199264019728e-05 1.119562657549977303e-03 -1.326946774497628212e-03 9.999985098838806152e-01
-6.963784107938408852e-05 1.123539404943585396e-03 -1.335380831733345985e-03 9.999985098838806152e-01
-6.199235940584912896e-05 1.127668539993464947e-03 -1.343249459750950336e-03 9.999985098838806152e-01
-5.521266211871989071e-05 1.131979981437325478e-03 -1.350463484413921833e-03 9.999985098838806152e-01
-4.912217627861537039e-05 1.136194798164069653e-03 -1.357353758066892624e-03 9.999985098838806152e-01
-4.362756226328201592e-05 1.140282140113413334e-03 -1.364209107123315334e-03 9.999984502792358398e-01
-3.871986336889676750e-05 1.144258771091699600e-03 -1.371035585179924965e-03 9.999983906745910645e-01
-3.432944140513427556e-05 1.148112234659492970e-03 -1.377619337290525436e-03 9.999983906745910645e-01
-3.060373637708835304e-05 1.151905627921223640e-03 -1.383994938805699348e-03 9.999983906745910645e-01
-2.764163764368277043e-05 1.155554433353245258e-03 -1.390155637636780739e-03 9.999983906745910645e-01
-2.543639311625156552e-05 1.159115228801965714e-03 -1.396081643179059029e-03 9.999983906745910645e-01
-2.385416155448183417e-05 1.162234577350318432e-03 -1.401619054377079010e-03 9.999983906745910645e-01
-2.251482328574638814e-05 1.164897577837109566e-03 -1.406296505592763424e-03 9.999983906745910645e-01
-2.121055877069011331e-05 1.167061040177941322e-03 -1.410551136359572411e-03 9.999983906745910645e-01
-1.982704634428955615e-05 1.168840681202709675e-03 -1.414260012097656727e-03 9.999983906745910645e-01
-1.847447492764331400e-05 1.170386094599962234e-03 -1.417619758285582066e-03 9.999983906745910645e-01
-1.724070352793205529e-05 1.171698677353560925e-03 -1.421061810106039047e-03 9.999983906745910645e-01
-1.603550299478229135e-05 1.172798336483538151e-03 -1.424342975951731205e-03 9.999982714653015137e-01
-1.483514552091946825e-05 1.173765398561954498e-03 -1.427504466846585274e-03 9.999983310699462891e-01
-1.381548372592078522e-05 1.174657023511826992e-03 -1.430372241884469986e-03 9.999982714653015137e-01
-1.281733057112433016e-05 1.175440382212400436e-03 -1.432934310287237167e-03 9.999982714653015137e-01
-1.164822879218263552e-05 1.176188117824494839e-03 -1.435343991033732891e-03 9.999982714653015137e-01
-1.037963011185638607e-05 1.176890800707042217e-03 -1.437471248209476471e-03 9.999982714653015137e-01
-9.174840670311823487e-06 1.177464029751718044e-03 -1.439345302060246468e-03 9.999982714653015137e-01
-8.068749593803659081e-06 1.177737605758011341e-03 -1.440927968360483646e-03 9.999982714653015137e-01
-7.118680059647886083e-06 1.177785103209316730e-03 -1.442284788936376572e-03 9.999982714653015137e-01
-6.418718839995563030e-06 1.177686965093016624e-03 -1.443414366804063320e-03 9.999982714653015137e-01
-5.850874458701582626e-06 1.177489408291876316e-03 -1.444641384296119213e-03 9.999982714653015137e-01
-5.255998075881507248e-06 1.177343423478305340e-03 -1.445827540010213852e-03 9.999982714653015137e-01
-4.723916390503291041e-06 1.177195808850228786e-03 -1.446927664801478386e-03 9.999982714653015137e-01
-4.221300059725763276e-06 1.177023514173924923e-03 -1.448259805329144001e-03 9.999982714653015137e-01
-3.704922391989384778e-06 1.176992082037031651e-03 -1.449380884878337383e-03 9.999982714653015137e-01
-3.258697915953234769e-06 1.177030615508556366e-03 -1.450328505598008633e-03 9.999982714653015137e-01
-2.933809582827962004e-06 1.177009544335305691e-03 -1.451329677365720272e-03 9.999982714653015137e-01
-2.717383949857321568e-06 1.176969148218631744e-03 -1.452458323910832405e-03 9.999982714653015137e-01
-2.498348521839943714e-06 1.176966237835586071e-03 -1.453340752050280571e-03 9.999982714653015137e-01
-2.323308535778778605e-06 1.176935038529336452e-03 -1.454054727219045162e-03 9.999982714653015137e-01
-2.293948455189820379e-06 1.176794758066534996e-03 -1.454771030694246292e-03 9.999982714653015137e-01
-2.273272457387065515e-06 1.176556106656789780e-03 -1.455541932955384254e-03 9.999982714653015137e-01
-2.225057642135652713e-06 1.176224905066192150e-03 -1.456346828490495682e-03 9.999982714653015137e-01
-2.117680196533910930e-06 1.175788347609341145e-03 -1.457230886444449425e-03 9.999982714653015137e-01
-1.704927740320272278e-06 1.175508950836956501e-03 -1.458026934415102005e-03 9.999982714653015137e-01
-1.131403905674233101e-06 1.175305689685046673e-03 -1.458690734580159187e-03 9.999982714653015137e-01
-6.374567078637483064e-07 1.175021519884467125e-03 -1.459218328818678856e-03 9.999982714653015137e-01
-2.988656717661797302e-07 1.174682751297950745e-03 -1.459688646718859673e-03 9.999982714653015137e-01
-1.290429167966067325e-07 1.174326520413160324e-03 -1.460205879993736744e-03 9.999982714653015137e-01
-1.135309517508176214e-07 1.173900323919951916e-03 -1.460684230551123619e-03 9.999982714653015137e-01
-2.265924479161185445e-07 1.173374708741903305e-03 -1.460646395571529865e-03 9.999982714653015137e-01
-1.322106584211724112e-07 1.172784133814275265e-03 -1.460347091779112816e-03 9.999982714653015137e-01
9.143086288077029167e-08 1.172122894786298275e-03 -1.459967344999313354e-03 9.999982714653015137e-01
2.787884625377046177e-07 1.171482377685606480e-03 -1.459470717236399651e-03 9.999982714653015137e-01
6.740019102835503872e-07 1.170867704786360264e-03 -1.458970014937222004e-03 9.999982714653015137e-01
1.193548769151675515e-06 1.170005882158875465e-03 -1.458358950912952423e-03 9.999982714653015137e-01
1.815316181819071062e-06 1.169057679362595081e-03 -1.457742415368556976e-03 9.999982714653015137e-01
2.500805749150458723e-06 1.168209011666476727e-03 -1.457204576581716537e-03 9.999982714653015137e-01
3.129876859020441771e-06 1.167444163002073765e-03 -1.456674654036760330e-03 9.999982714653015137e-01
3.577875986593426205e-06 1.166761619970202446e-03 -1.456103869713842869e-03 9.999982714653015137e-01
4.116033778700511903e-06 1.166271395049989223e-03 -1.455711084417998791e-03 9.999982714653015137e-01
4.851514859183225781e-06 1.166122616268694401e-03 -1.455646008253097534e-03 9.999982714653015137e-01
5.589149623119737953e-06 1.166050904430449009e-03 -1.455761725082993507e-03 9.999982714653015137e-01
6.218111138878157362e-06 1.165908877737820148e-03 -1.455880468711256981e-03 9.999982714653015137e-01
6.714059054502286017e-06 1.165767433121800423e-03 -1.455935300327837467e-03 9.999982714653015137e-01
7.129989626264432445e-06 1.165739609859883785e-03 -1.456048572435975075e-03 9.999982714653015137e-01
7.403204108413774520e-06 1.165886875241994858e-03 -1.456166035495698452e-03 9.999982714653015137e-01
7.469005595339694992e-06 1.166188390925526619e-03 -1.456111320294439793e-03 9.999982714653015137e-01
7.335675945796538144e-06 1.166615402325987816e-03 -1.455825287848711014e-03 9.999982714653015137e-01
7.047839517326792702e-06 1.167077454738318920e-03 -1.455525052733719349e-03 9.999982714653015137e-01
6.593194484594278038e-06 1.167604350484907627e-03 -1.455263001844286919e-03 9.999982714653015137e-01
6.339240826491732150e-06 1.168010523542761803e-03 -1.455080928280949593e-03 9.999982714653015137e-01
6.131849659141153097e-06 1.168315066024661064e-03 -1.454870565794408321e-03 9.999982714653015137e-01
5.792173851659754291e-06 1.168588642030954361e-03 -1.454652287065982819e-03 9.999982714653015137e-01
5.523984327737707645e-06 1.168783637695014477e-03 -1.454534940421581268e-03 9.999982714653015137e-01
5.329835857992293313e-06 1.168912742286920547e-03 -1.454517361707985401e-03 9.999982714653015137e-01
5.142616828379686922e-06 1.169027527794241905e-03 -1.454570563510060310e-03 9.999982714653015137e-01
4.981310212315293029e-06 1.169217517599463463e-03 -1.454655313864350319e-03 9.999982714653015137e-01
4.812367023987462744e-06 1.169407507404685020e-03 -1.454817946068942547e-03 9.999982714653015137e-01
4.536445885605644435e-06 1.169599592685699463e-03 -1.454976620152592659e-03 9.999982714653015137e-01
4.169407930021407083e-06 1.169803435914218426e-03 -1.455085119232535362e-03 9.999982714653015137e-01
3.749709776457166299e-06 1.169977011159062386e-03 -1.455172547139227390e-03 9.999982714653015137e-01
3.388752020327956416e-06 1.170062343589961529e-03 -1.455309335142374039e-03 9.999982714653015137e-01
3.139468617519014515e-06 1.170047675259411335e-03 -1.455428078770637512e-03 9.999982714653015137e-01
2.947699385913438164e-06 1.170004252344369888e-03 -1.455547986552119255e-03 9.999982714653015137e-01
2.912421905421069823e-06 1.169969327747821808e-03 -1.455756486393511295e-03 9.999982714653015137e-01
3.097563194387475960e-06 1.169984461739659309e-03 -1.456178491935133934e-03 9.999982714653015137e-01
3.364581061759963632e-06 1.169935800135135651e-03 -1.456538913771510124e-03 9.999982714653015137e-01
3.590553660615114495e-06 1.169731491245329380e-03 -1.456785714253783226e-03 9.999982714653015137e-01
3.722045676113339141e-06 1.169581199064850807e-03 -1.457024714909493923e-03 9.999982714653015137e-01
3.727269813680322841e-06 1.169589930213987827e-03 -1.457218313589692116e-03 9.999982714653015137e-01
3.635628900156007148e-06 1.169750699773430824e-03 -1.457264996133744717e-03 9.999982714653015137e-01
3.469267312539159320e-06 1.169961178675293922e-03 -1.457200967706739902e-03 9.999982714653015137e-01
3.225846739951521158e-06 1.170145813375711441e-03 -1.457087113521993160e-03 9.999982714653015137e-01
3.000529886776348576e-06 1.170220086351037025e-03 -1.457002130337059498e-03 9.999982714653015137e-01
2.865832584575400688e-06 1.170302042737603188e-03 -1.456967554986476898e-03 9.999982714653015137e-01
2.785393462545471266e-06 1.170366653241217136e-03 -1.456792932003736496e-03 9.999982714653015137e-01
2.719899157455074601e-06 1.170368283055722713e-03 -1.456355559639632702e-03 9.999982714653015137e-01
2.684957053133985028e-06 1.170456525869667530e-03 -1.455747638829052448e-03 9.999982714653015137e-01
2.979101964228902943e-06 1.170767238363623619e-03 -1.455433084629476070e-03 9.999982714653015137e-01
3.509992438921472058e-06 1.171079580672085285e-03 -1.455404330044984818e-03 9.999982714653015137e-01
3.998757165390998125e-06 1.171254669316112995e-03 -1.455473713576793671e-03 9.999982714653015137e-01
4.411376721691340208e-06 1.171307056210935116e-03 -1.455636462196707726e-03 9.999982714653015137e-01
4.734844424092443660e-06 1.171234878711402416e-03 -1.455812714993953705e-03 9.999982714653015137e-01
4.974058811058057472e-06 1.171021256595849991e-03 -1.455976394936442375e-03 9.999982714653015137e-01
5.118620720168109983e-06 1.170816365629434586e-03 -1.456085708923637867e-03 9.999982714653015137e-01
5.199399765842827037e-06 1.170702278614044189e-03 -1.456197700463235378e-03 9.999982714653015137e-01
5.198748112889006734e-06 1.170648727566003799e-03 -1.456240075640380383e-03 9.999982714653015137e-01
5.143046109878923744e-06 1.170588657259941101e-03 -1.456238212995231152e-03 9.999982714653015137e-01
4.960492788086412475e-06 1.170587493106722832e-03 -1.456235884688794613e-03 9.999982714653015137e-01
4.755612280860077590e-06 1.170681789517402649e-03 -1.456278958357870579e-03 9.999982714653015137e-01
4.625836481864098459e-06 1.170818926766514778e-03 -1.456423779018223286e-03 9.999982714653015137e-01
4.802425337402382866e-06 1.170816598460078239e-03 -1.456767786294221878e-03 9.999982714653015137e-01
5.130292265675961971e-06 1.170619507320225239e-03 -1.457210630178451538e-03 9.999982714653015137e-01
5.261127625999506563e-06 1.170305418781936169e-03 -1.457367907278239727e-03 9.999982714653015137e-01
5.420823072199709713e-06 1.169892377220094204e-03 -1.457506790757179260e-03 9.999982714653015137e-01
5.513585165317635983e-06 1.169387018308043480e-03 -1.457604463212192059e-03 9.999982714653015137e-01
5.552238690142985433e-06 1.168945454992353916e-03 -1.457609701901674271e-03 9.999982714653015137e-01
5.553905339183984324e-06 1.168672810308635235e-03 -1.457575126551091671e-03 9.999982714653015137e-01
5.429955308500211686e-06 1.168568152934312820e-03 -1.457469188608229160e-03 9.999982714653015137e-01
5.302917998051270843e-06 1.168587710708379745e-03 -1.457369071431457996e-03 9.999982714653015137e-01
5.065556706540519372e-06 1.168698421679437160e-03 -1.457219361327588558e-03 9.999982714653015137e-01
4.783351414516801015e-06 1.168900867924094200e-03 -1.457057776860892773e-03 9.999982714653015137e-01
4.504075604927493259e-06 1.169130206108093262e-03 -1.456904341466724873e-03 9.999982714653015137e-01
4.158260708209127188e-06 1.169337192550301552e-03 -1.456710509955883026e-03 9.999982714653015137e-01
3.843596459773834795e-06 1.169595750980079174e-03 -1.456480706110596657e-03 9.999982714653015137e-01
3.613752824094262905e-06 1.169930561445653439e-03 -1.456282217986881733e-03 9.999982714653015137e-01
3.399287834326969460e-06 1.170224510133266449e-03 -1.456177560612559319e-03 9.999982714653015137e-01
3.278600161138456315e-06 1.170419505797326565e-03 -1.456151949241757393e-03 9.999982714653015137e-01
3.104905772488564253e-06 1.170624396763741970e-03 -1.456049503758549690e-03 9.999982714653015137e-01
2.932662482635350898e-06 1.170818810351192951e-03 -1.455940655432641506e-03 9.999982714653015137e-01
2.909752311097690836e-06 1.170948613435029984e-03 -1.455933088436722755e-03 9.999982714653015137e-01
3.019465793840936385e-06 1.171102281659841537e-03 -1.456140889786183834e-03 9.999982714653015137e-01
3.024340458068763837e-06 1.171195995993912220e-03 -1.456173136830329895e-03 9.999982714653015137e-01
2.992990857819677331e-06 1.171208685263991356e-03 -1.456093275919556618e-03 9.999982714653015137e-01
3.054315357076120563e-06 1.171192387118935585e-03 -1.456146594136953354e-03 9.999982714653015137e-01
3.213344825780950487e-06 1.171145937405526638e-03 -1.456334721297025681e-03 9.999982714653015137e-01
3.296175464129191823e-06 1.171001233160495758e-03 -1.456517609767615795e-03 9.999982714653015137e-01
3.353775582581874914e-06 1.170876668766140938e-03 -1.456725643947720528e-03 9.999982714653015137e-01
3.406235009606461972e-06 1.170746865682303905e-03 -1.456953119486570358e-03 9.999982714653015137e-01
3.447246399446157739e-06 1.170607749372720718e-03 -1.457217382267117500e-03 9.999982714653015137e-01
3.268779437348712236e-06 1.170406583696603775e-03 -1.457190024666488171e-03 9.999982714653015137e-01
3.058577021874953061e-06 1.170066068880259991e-03 -1.457088161259889603e-03 9.999982714653015137e-01
3.098613660768023692e-06 1.169591094367206097e-03 -1.457268721424043179e-03 9.999982714653015137e-01
3.180166231686598621e-06 1.169078866951167583e-03 -1.457546488381922245e-03 9.999982714653015137e-01
3.333111408210243098e-06 1.168531714938580990e-03 -1.457920297980308533e-03 9.999982714653015137e-01
3.466724137979326770e-06 1.167946145869791508e-03 -1.458357786759734154e-03 9.999982714653015137e-01
3.466820317044039257e-06 1.167367561720311642e-03 -1.458758604712784290e-03 9.999982714653015137e-01
3.376813992872484960e-06 1.166806905530393124e-03 -1.459171879105269909e-03 9.999982714653015137e-01
3.220079634047579020e-06 1.166256261058151722e-03 -1.459574443288147449e-03 9.999982714653015137e-01
3.098579327343031764e-06 1.165760797448456287e-03 -1.460050814785063267e-03 9.999982714653015137e-01
3.003702431669807993e-06 1.165358815342187881e-03 -1.460503204725682735e-03 9.999982714653015137e-01
2.901910193031653762e-06 1.165157416835427284e-03 -1.460902392864227295e-03 9.999982714653015137e-01
2.768294280031113885e-06 1.165054272860288620e-03 -1.461126958020031452e-03 9.999982714653015137e-01
2.766186298686079681e-06 1.164972083643078804e-03 -1.461033127270638943e-03 9.999982714653015137e-01
2.807819328154437244e-06 1.165008987300097942e-03 -1.460726954974234104e-03 9.999982714653015137e-01
2.752911314019002020e-06 1.165213761851191521e-03 -1.460289233364164829e-03 9.999982714653015137e-01
2.682249487406807020e-06 1.165515277534723282e-03 -1.459912396967411041e-03 9.999982714653015137e-01
2.558214873715769500e-06 1.165833557024598122e-03 -1.459462102502584457e-03 9.999982714653015137e-01
2.527750893932534382e-06 1.166108879260718822e-03 -1.459006452932953835e-03 9.999982714653015137e-01
2.543077471273136325e-06 1.166468602605164051e-03 -1.458527985960245132e-03 9.999982714653015137e-01
2.498588855814887211e-06 1.166877336800098419e-03 -1.458016340620815754e-03 9.999982714653015137e-01
2.439924173813778907e-06 1.167295966297388077e-03 -1.457502366974949837e-03 9.999982714653015137e-01
2.391350562902516685e-06 1.167730428278446198e-03 -1.456971513107419014e-03 9.999982714653015137e-01
2.261505414935527369e-06 1.168139046058058739e-03 -1.456379075534641743e-03 9.999982714653015137e-01
2.494778300388134085e-06 1.168421353213489056e-03 -1.455849152989685535e-03 9.999982714653015137e-01
2.977544909299467690e-06 1.168678514659404755e-03 -1.455528079532086849e-03 9.999982714653015137e-01
3.528507932060165331e-06 1.169002265669405460e-03 -1.455482677556574345e-03 9.999982714653015137e-01
4.095320491614984348e-06 1.169280847534537315e-03 -1.455380232073366642e-03 9.999982714653015137e-01
4.580541826726403087e-06 1.169429509900510311e-03 -1.455196295864880085e-03 9.999982714653015137e-01
4.999857083021197468e-06 1.169445458799600601e-03 -1.455087331123650074e-03 9.999982714653015137e-01
5.389228135754819959e-06 1.169468159787356853e-03 -1.455199089832603931e-03 9.999982714653015137e-01
5.754087396780960262e-06 1.169438473880290985e-03 -1.455443562008440495e-03 9.999982714653015137e-01
6.066468358767451718e-06 1.169255701825022697e-03 -1.455696765333414078e-03 9.999982714653015137e-01
6.278020009631291032e-06 1.168988179415464401e-03 -1.455977791920304298e-03 9.999982714653015137e-01
6.351922820613253862e-06 1.168783870525658131e-03 -1.456227735616266727e-03 9.999982714653015137e-01
6.305378519755322486e-06 1.168780960142612457e-03 -1.456325873732566833e-03 9.999982714653015137e-01
6.137654054327867925e-06 1.168972463347017765e-03 -1.456300029531121254e-03 9.999982714653015137e-01
5.731297733291285113e-06 1.169272814877331257e-03 -1.456157770007848740e-03 9.999982714653015137e-01
5.590194632532075047e-06 1.169478171505033970e-03 -1.456032972782850266e-03 9.999982714653015137e-01
5.588803105638362467e-06 1.169570372439920902e-03 -1.455871039070188999e-03 9.999982714653015137e-01
5.497540314536308870e-06 1.169618917629122734e-03 -1.455709803849458694e-03 9.999982714653015137e-01
5.347730166249675676e-06 1.169628812931478024e-03 -1.455586985684931278e-03 9.999982714653015137e-01
5.178719220566563308e-06 1.169640105217695236e-03 -1.455494435504078865e-03 9.999982714653015137e-01
5.019315267418278381e-06 1.169673516415059566e-03 -1.455460209399461746e-03 9.999982714653015137e-01
4.971228008798789233e-06 1.169687369838356972e-03 -1.455498044379055500e-03 9.999982714653015137e-01
4.906967660645022988e-06 1.169652678072452545e-03 -1.455535530112683773e-03 9.999982714653015137e-01
4.852519850828684866e-06 1.169656519778072834e-03 -1.455579767934978008e-03 9.999982714653015137e-01
4.754258043249137700e-06 1.169669325463473797e-03 -1.455610850825905800e-03 9.999982714653015137e-01
4.665808774007018656e-06 1.169720781035721302e-03 -1.455648685805499554e-03 9.999982714653015137e-01
4.752090262627461925e-06 1.169752213172614574e-03 -1.455828431062400341e-03 9.999982714653015137e-01
4.876630100625334308e-06 1.169876777566969395e-03 -1.456069294363260269e-03 9.999982714653015137e-01
4.841792815568624064e-06 1.170121249742805958e-03 -1.456252648495137691e-03 9.999982714653015137e-01
4.707740117737557739e-06 1.170374802313745022e-03 -1.456345780752599239e-03 9.999982714653015137e-01
4.613375494955107570e-06 1.170520554296672344e-03 -1.456447062082588673e-03 9.999982714653015137e-01
4.464418452698737383e-06 1.170609612017869949e-03 -1.456487108953297138e-03 9.999982714653015137e-01
4.305409674998372793e-06 1.170764327980577946e-03 -1.456497353501617908e-03 9.999982714653015137e-01
4.225124030199367553e-06 1.170860370621085167e-03 -1.456578378565609455e-03 9.999982714653015137e-01
4.166170128883095458e-06 1.170849893242120743e-03 -1.456721103750169277e-03 9.999982714653015137e-01
4.059354523633373901e-06 1.170755131170153618e-03 -1.456858823075890541e-03 9.999982714653015137e-01
3.986671799793839455e-06 1.170695875771343708e-03 -1.457012956961989403e-03 9.999982714653015137e-01
3.914638455171370879e-06 1.170711475424468517e-03 -1.457176171243190765e-03 9.999982714653015137e-01
3.862987796310335398e-06 1.170697854831814766e-03 -1.457451144233345985e-03 9.999982714653015137e-01
3.612695536503451876e-06 1.170572359114885330e-03 -1.457479200325906277e-03 9.999982714653015137e-01
3.330668732814956456e-06 1.170307514257729053e-03 -1.457432634197175503e-03 9.999982714653015137e-01
3.298881665614317171e-06 1.169908326119184494e-03 -1.457668724469840527e-03 9.999982714653015137e-01
3.297108605693210848e-06 1.169470837339758873e-03 -1.457971520721912384e-03 9.999982714653015137e-01
3.247196900701965205e-06 1.169087830930948257e-03 -1.458292361348867416e-03 9.999982714653015137e-01
3.134650796710047871e-06 1.168787828646600246e-03 -1.458629965782165527e-03 9.999982714653015137e-01
3.057700496356119402e-06 1.168503076769411564e-03 -1.459075836464762688e-03 9.999982714653015137e-01
2.923111651398357935e-06 1.168190268799662590e-03 -1.459508086554706097e-03 9.999982714653015137e-01
2.870041498681530356e-06 1.167806680314242840e-03 -1.459914958104491234e-03 9.999982714653015137e-01
2.818940629367716610e-06 1.167353591881692410e-03 -1.460255938582122326e-03 9.999982714653015137e-01
2.843646370820351876e-06 1.166809932328760624e-03 -1.460620784200727940e-03 9.999982714653015137e-01
2.830649691532016732e-06 1.166280242614448071e-03 -1.460775616578757763e-03 9.999982714653015137e-01
2.967905857076402754e-06 1.165790134109556675e-03 -1.460828585550189018e-03 9.999982714653015137e-01
3.058015636270283721e-06 1.165326801128685474e-03 -1.460808794945478439e-03 9.999982714653015137e-01
2.948224619103712030e-06 1.165042631328105927e-03 -1.460624742321670055e-03 9.999982714653015137e-01
3.004982545462553389e-06 1.164905261248350143e-03 -1.460428582504391670e-03 9.999982714653015137e-01
3.141751676594140008e-06 1.164895948022603989e-03 -1.460181549191474915e-03 9.999982714653015137e-01
3.243288801968446933e-06 1.165025169029831886e-03 -1.459695515222847462e-03 9.999982714653015137e-01
3.374450670889928006e-06 1.165216090157628059e-03 -1.459203776903450489e-03 9.999982714653015137e-01
3.421266910663689487e-06 1.165492809377610683e-03 -1.458781189285218716e-03 9.999982714653015137e-01
3.278038093412760645e-06 1.165898051112890244e-03 -1.458270940929651260e-03 9.999982714653015137e-01
3.105077212239848450e-06 1.166456728242337704e-03 -1.457697129808366299e-03 9.999982714653015137e-01
3.168387138430261984e-06 1.167092239484190941e-03 -1.457178732380270958e-03 9.999982714653015137e-01
3.356475190230412409e-06 1.167758600786328316e-03 -1.456673489883542061e-03 9.999982714653015137e-01
3.439155534579185769e-06 1.168496441096067429e-03 -1.456159749068319798e-03 9.999982714653015137e-01
3.443475861786282621e-06 1.169324503280222416e-03 -1.455753459595143795e-03 9.999982714653015137e-01
3.415594164835056290e-06 1.170204486697912216e-03 -1.455436809919774532e-03 9.999982714653015137e-01
3.480707391645410098e-06 1.171054202131927013e-03 -1.455090474337339401e-03 9.999982714653015137e-01
3.515124717523576692e-06 1.171908457763493061e-03 -1.454674056731164455e-03 9.999982714653015137e-01
3.377361281309276819e-06 1.172815915197134018e-03 -1.454190351068973541e-03 9.999982714653015137e-01
3.093937039011507295e-06 1.173740951344370842e-03 -1.453655189834535122e-03 9.999982714653015137e-01
2.682532795006409287e-06 1.174660050310194492e-03 -1.453078933991491795e-03 9.999982714653015137e-01
2.509367959646624513e-06 1.175516983494162560e-03 -1.452632248401641846e-03 9.999982714653015137e-01
2.627437197588733397e-06 1.176216290332376957e-03 -1.452464610338211060e-03 9.999982714653015137e-01
2.951113856397569180e-06 1.176695921458303928e-03 -1.452465075999498367e-03 9.999982714653015137e-01
3.402052016099332832e-06 1.176977064460515976e-03 -1.452567172236740589e-03 9.999982714653015137e-01
3.838037173409247771e-06 1.177180674858391285e-03 -1.452783355489373207e-03 9.999982714653015137e-01
4.211474333715159446e-06 1.177371130324900150e-03 -1.453111763112246990e-03 9.999982714653015137e-01
4.507049197854939848e-06 1.177471480332314968e-03 -1.453519216738641262e-03 9.999982714653015137e-01
4.717664978670654818e-06 1.177495578303933144e-03 -1.453932258300483227e-03 9.999982714653015137e-01
4.894225639873184264e-06 1.177392434328794479e-03 -1.454316428862512112e-03 9.999982714653015137e-01
5.043975761509500444e-06 1.177077530883252621e-03 -1.454700250178575516e-03 9.999982714653015137e-01
5.143524049344705418e-06 1.176573336124420166e-03 -1.455083838663995266e-03 9.999982714653015137e-01
5.122068614582531154e-06 1.175934565253555775e-03 -1.455404097214341164e-03 9.999982714653015137e-01
4.973234354110900313e-06 1.175158540718257427e-03 -1.455658348277211189e-03 9.999982714653015137e-01
4.820026333618443459e-06 1.174351549707353115e-03 -1.456000842154026031e-03 9.999982714653015137e-01
4.712775989901274443e-06 1.173599739558994770e-03 -1.456508412957191467e-03 9.999982714653015137e-01
4.488905688049271703e-06 1.172762829810380936e-03 -1.456818194128572941e-03 9.999982714653015137e-01
4.049868948641233146e-06 1.171830925159156322e-03 -1.456803409382700920e-03 9.999982714653015137e-01
3.640691602413426153e-06 1.170995645225048065e-03 -1.456767786294221878e-03 9.999982714653015137e-01
3.401464255148312077e-06 1.170249423012137413e-03 -1.456906786188483238e-03 9.999982714653015137e-01
3.384739784451085143e-06 1.169520546682178974e-03 -1.457254285924136639e-03 9.999982714653015137e-01
3.439382226133602671e-06 1.168753020465373993e-03 -1.457496429793536663e-03 9.999982714653015137e-01
3.297451939943130128e-06 1.167892594821751118e-03 -1.457551959902048111e-03 9.999982714653015137e-01
3.098491561104310676e-06 1.167175243608653545e-03 -1.457553706131875515e-03 9.999982714653015137e-01
3.113894990747212432e-06 1.166503527201712132e-03 -1.457749633118510246e-03 9.999982714653015137e-01
3.187305992469191551e-06 1.165912486612796783e-03 -1.458075363188982010e-03 9.999982714653015137e-01
3.156893853883957490e-06 1.165538677014410496e-03 -1.458388520404696465e-03 9.999982714653015137e-01
3.049766746698878706e-06 1.165361725725233555e-03 -1.458709244616329670e-03 9.999982714653015137e-01
2.982226533276843838e-06 1.165344263426959515e-03 -1.458832062780857086e-03 9.999982714653015137e-01
3.004677409990108572e-06 1.165467896498739719e-03 -1.458672806620597839e-03 9.999982714653015137e-01
2.982917067129164934e-06 1.165662426501512527e-03 -1.458306214772164822e-03 9.999982714653015137e-01
2.783006038953317329e-06 1.165929948911070824e-03 -1.457812264561653137e-03 9.999982714653015137e-01
2.604144356155302376e-06 1.166246947832405567e-03 -1.457421109080314636e-03 9.999982714653015137e-01
2.398790684310370125e-06 1.166567904874682426e-03 -1.457069185562431812e-03 9.999982714653015137e-01
2.020966348936781287e-06 1.166919828392565250e-03 -1.456676865927875042e-03 9.999982714653015137e-01
1.849040586421324406e-06 1.167279668152332306e-03 -1.456310506910085678e-03 9.999982714653015137e-01
1.933451585500733927e-06 1.167696202173829079e-03 -1.456025056540966034e-03 9.999982714653015137e-01
2.128353116859216243e-06 1.168187474831938744e-03 -1.455865101888775826e-03 9.999982714653015137e-01
2.267404624944902025e-06 1.168620074167847633e-03 -1.455702120438218117e-03 9.999982714653015137e-01
2.412846015431568958e-06 1.169032766483724117e-03 -1.455664751119911671e-03 9.999982714653015137e-01
2.693623855520854704e-06 1.169489580206573009e-03 -1.455712597817182541e-03 9.999982714653015137e-01
2.991850806211004965e-06 1.169905182905495167e-03 -1.455537276342511177e-03 9.999982714653015137e-01
3.292160727141890675e-06 1.170181203633546829e-03 -1.455287216231226921e-03 9.999982714653015137e-01
3.639427859525312670e-06 1.170287141576409340e-03 -1.455144374631345272e-03 9.999982714653015137e-01
3.970013494836166501e-06 1.170248142443597317e-03 -1.455100718885660172e-03 9.999982714653015137e-01
4.251346581440884620e-06 1.170056289993226528e-03 -1.455109333619475365e-03 9.999982714653015137e-01
4.500046088651288301e-06 1.169713563285768032e-03 -1.455193967558443546e-03 9.999982714653015137e-01
4.668047040468081832e-06 1.169231254607439041e-03 -1.455277204513549805e-03 9.999982714653015137e-01
4.879645530309062451e-06 1.168698072433471680e-03 -1.455422723665833473e-03 9.999982714653015137e-01
5.150279775989474729e-06 1.168149756267666817e-03 -1.455689431168138981e-03 9.999982714653015137e-01
5.415568011812865734e-06 1.167544978670775890e-03 -1.456041121855378151e-03 9.999982714653015137e-01
5.606092599919065833e-06 1.166933914646506310e-03 -1.456470810808241367e-03 9.999982714653015137e-01
5.665855496772564948e-06 1.166349276900291443e-03 -1.456889440305531025e-03 9.999982714653015137e-01
5.537011475098552182e-06 1.165877096354961395e-03 -1.457203296013176441e-03 9.999982714653015137e-01
5.451933247968554497e-06 1.165620284155011177e-03 -1.457371399737894535e-03 9.999982714653015137e-01
5.385145868785912171e-06 1.165579888038337231e-03 -1.457435195334255695e-03 9.999982714653015137e-01
