-2.000000094994902611e-03 -9.197339531965553761e-04 -2.000000094994902611e-03
-2.000000094994902611e-03 -8.803760865703225136e-04 -2.000000094994902611e-03
-2.000000094994902611e-03 -8.597416453994810581e-04 -2.000000094994902611e-03
-1.915663713589310646e-03 -8.520195260643959045e-04 -2.000000094994902611e-03
-1.771615352481603622e-03 -8.560219430364668369e-04 -2.000000094994902611e-03
-1.641558948904275894e-03 -8.658965234644711018e-04 -2.000000094994902611e-03
-1.526327221654355526e-03 -8.805749821476638317e-04 -2.000000094994902611e-03
-1.417416613548994064e-03 -8.990417118184268475e-04 -2.000000094994902611e-03
-1.318772672675549984e-03 -9.160354384221136570e-04 -2.000000094994902611e-03
-1.225683954544365406e-03 -9.323089034296572208e-04 -2.000000094994902611e-03
-1.139009604230523109e-03 -9.433001978322863579e-04 -2.000000094994902611e-03
-1.054902677424252033e-03 -9.536122670397162437e-04 -2.000000094994902611e-03
-9.728537988848984241e-04 -9.527992224320769310e-04 -2.000000094994902611e-03
-8.971095085144042969e-04 -9.447708143852651119e-04 -2.000000094994902611e-03
-8.165809558704495430e-04 -9.269129368476569653e-04 -2.000000094994902611e-03
-7.420951733365654945e-04 -8.968615438789129257e-04 -2.000000094994902611e-03
-6.647668196819722652e-04 -8.548442856408655643e-04 -1.692020916379988194e-03
-5.835079355165362358e-04 -7.928222767077386379e-04 -1.360319089144468307e-03
-5.005854764021933079e-04 -7.122203242033720016e-04 -1.029866863973438740e-03
-4.054257879033684731e-04 -6.105150678195059299e-04 -7.012032438069581985e-04
-3.007358463946729898e-04 -4.909664858132600784e-04 -3.737453371286392212e-04
-1.829563407227396965e-04 -3.539467870723456144e-04 -6.685352127533406019e-05
-5.455233258544467390e-05 -2.103878796333447099e-04 2.257794549223035574e-04
8.576736581744626164e-05 -5.702443377231247723e-05 4.980230005457997322e-04
2.350169233977794647e-04 9.713333565741777420e-05 7.477474282495677471e-04
3.916180867236107588e-04 2.555450482759624720e-04 9.553926065564155579e-04
5.542358267121016979e-04 4.035539750475436449e-04 1.134494319558143616e-03
7.145125418901443481e-04 5.428973818197846413e-04 1.284010941162705421e-03
8.671633549965918064e-04 6.694328621961176395e-04 1.402037916705012321e-03
1.013891072943806648e-03 7.783989422023296356e-04 1.486819819547235966e-03
1.144425594247877598e-03 8.679199381731450558e-04 1.541244098916649818e-03
1.256348798051476479e-03 9.369995677843689919e-04 1.575635513290762901e-03
1.345255412161350250e-03 9.835319360718131065e-04 1.583985285833477974e-03
1.409395481459796429e-03 1.008650404401123524e-03 1.571631757542490959e-03
1.443410990759730339e-03 1.011661137454211712e-03 1.543040270917117596e-03
1.453561708331108093e-03 9.976656874641776085e-04 1.495597418397665024e-03
1.435759593732655048e-03 9.670331492088735104e-04 1.435981364920735359e-03
1.395130995661020279e-03 9.212341392412781715e-04 1.366809941828250885e-03
1.331664621829986572e-03 8.661904139444231987e-04 1.289935898967087269e-03
1.252794638276100159e-03 8.034646743908524513e-04 1.207306864671409130e-03
1.161177293397486210e-03 7.363013573922216892e-04 1.123004127293825150e-03
1.063156872987747192e-03 6.668730056844651699e-04 1.037833746522665024e-03
9.603325743228197098e-04 5.983907612971961498e-04 9.539262973703444004e-04
8.549127960577607155e-04 5.324931116774678230e-04 8.728783577680587769e-04
7.554722251370549202e-04 4.680755373556166887e-04 7.952728192321956158e-04
6.588918040506541729e-04 4.085192922502756119e-04 7.210590993054211140e-04
5.679532769136130810e-04 3.550999972503632307e-04 6.533892592415213585e-04
4.835568252019584179e-04 3.050605882890522480e-04 5.898216040804982185e-04
4.094154865015298128e-04 2.588392235338687897e-04 5.321776843629777431e-04
3.410641220398247242e-04 2.194856206187978387e-04 4.779254086315631866e-04
2.811816520988941193e-04 1.827625092118978500e-04 4.295225953683257103e-04
2.294551086379215121e-04 1.511834561824798584e-04 3.847163752652704716e-04
1.821087935240939260e-04 1.246262690983712673e-04 3.446741320658475161e-04
1.427157258149236441e-04 1.016275200527161360e-04 3.075124404858797789e-04
1.098416105378419161e-04 8.082807471510022879e-05 2.742337819654494524e-04
8.040431566769257188e-05 6.348588067339733243e-05 2.468323800712823868e-04
5.583804886555299163e-05 4.740343501907773316e-05 2.204207557952031493e-04
3.576895323931239545e-05 3.563425707397982478e-05 1.967720163520425558e-04
2.095571835525333881e-05 2.350093564018607140e-05 1.768686634022742510e-04
5.396490450948476791e-06 1.478138165111886337e-05 1.578678784426301718e-04
-3.501172841424704529e-06 7.901525350462179631e-06 1.426354283466935158e-04
-1.226361109729623422e-05 2.316241761946002953e-06 1.257598196389153600e-04
-1.951395097421482205e-05 -3.017976951014134102e-06 1.128771255025640130e-04
-2.348114685446489602e-05 -5.961284387012710795e-06 1.007280661724507809e-04
-2.714226320676971227e-05 -1.014046392810996622e-05 9.234020399162545800e-05
-2.971968751808162779e-05 -1.279644766327692196e-05 8.172336674761027098e-05
-3.202024890924803913e-05 -1.506478201918071136e-05 7.287826883839443326e-05
-3.227660999982617795e-05 -1.403780333930626512e-05 6.584000220755115151e-05
-3.197024125256575644e-05 -1.507945398770971224e-05 6.064960689400322735e-05
-3.294281850685365498e-05 -1.700710890872869641e-05 5.229045200394466519e-05
-3.159244442940689623e-05 -1.655911000852938741e-05 4.833043931284919381e-05
-3.030872176168486476e-05 -1.669943048909772187e-05 4.387481385492719710e-05
-3.075550557696260512e-05 -1.526767664472572505e-05 3.968499368056654930e-05
-2.905481778725516051e-05 -1.479646198276896030e-05 3.592314897105097771e-05
-2.627881076477933675e-05 -1.466033518227050081e-05 3.231778828194364905e-05
-2.628961010486818850e-05 -1.470718416385352612e-05 2.941026468761265278e-05
-2.382780803600326180e-05 -1.361167051072698087e-05 2.815451443893834949e-05
-2.358293204451911151e-05 -1.375012197968317196e-05 2.364745887462049723e-05
-2.142494668078143150e-05 -1.343069106951588765e-05 2.321795909665524960e-05
-2.067406603600829840e-05 -1.144056113844271749e-05 2.117305120918899775e-05
-1.851089473348110914e-05 -1.204458476422587410e-05 1.869758307293523103e-05
-1.737667662382591516e-05 -1.083272309188032523e-05 1.635449370951391757e-05
-1.648670149734243751e-05 -9.157464774034451693e-06 1.592243825143668801e-05
-1.389018325426150113e-05 -9.418304216524120420e-06 1.532918395241722465e-05
-1.601310214027762413e-05 -8.562084076402243227e-06 1.307482671109028161e-05
-1.341062397841596976e-05 -9.537434380035847425e-06 1.279369280382525176e-05
-1.229701047122944146e-05 -6.120587840996449813e-06 1.114531551138497889e-05
-1.062905357684940100e-05 -6.778841907362220809e-06 1.066524055204354227e-05
-1.004191926767816767e-05 -5.742982466472312808e-06 9.570590009388979524e-06
-8.220628842536825687e-06 -4.665648248192155734e-06 8.574229468649718910e-06
-8.389321010326966643e-06 -5.000686087441863492e-06 9.228151611750945449e-06
-8.747723768465220928e-06 -4.662230821850243956e-06 8.725048246560618281e-06
-7.791753887431696057e-06 -4.259492470737313852e-06 6.410917649191105738e-06
-5.304133992467541248e-06 -3.206278051948174834e-06 3.934701908292481676e-06
-5.954281732556410134e-06 -3.564551661838777363e-06 5.667091500072274357e-06
-5.742357188864843920e-06 -4.508947768044890836e-06 5.912264896323904395e-06
-4.513021394814131781e-06 -2.835974328263546340e-06 4.931272087560500950e-06
-4.663085746869910508e-06 -3.022457349288742989e-06 4.173250090389046818e-06
-3.456419563008239493e-06 -2.832239260897040367e-06 4.583022018778137863e-06
-4.227932095091091469e-06 -2.227102640972589143e-06 5.357504960556980222e-06
-2.869900072255404666e-06 -1.774137217580573633e-06 4.477730271901236847e-06
-3.937737346859648824e-06 -1.124545860875514336e-06 2.743642426139558665e-06
-2.589738187452894635e-06 -1.948917770278058015e-06 3.730606067620101385e-06
-3.547942469595000148e-06 -2.326871026525623165e-06 3.012270553881535307e-06
-2.346153905818937346e-06 -2.385720790698542260e-06 3.130446884824777953e-06
-2.523239345464389771e-06 -2.220158876298228279e-06 2.076845248666359112e-06
-1.626387984288157895e-06 -1.305902856074681040e-06 3.356874913151841611e-06
-1.530315216768940445e-06 -1.316294060416112188e-06 3.217022594981244765e-06
-7.499810408262419514e-07 -1.165146500170521904e-06 2.658258836163440719e-06
-6.678657769043638837e-07 -1.154159463112591766e-06 2.610217507026391104e-06
-1.129801830757060088e-06 -7.837761586415581405e-07 1.813402718653378543e-06
-1.187161387861124240e-06 -7.853060424167779274e-07 1.814843130887311418e-06
-1.781628270691726357e-06 -1.893588432722026482e-07 1.435111812497780193e-06
-1.308715013692562934e-06 -3.267078341195883695e-07 1.268377786800556350e-06
-1.471247060180758126e-06 6.424439220609201584e-07 7.209388854789722245e-07
-1.411592620570445433e-06 7.906075438768311869e-08 1.333058776253892574e-06
-9.649154435464879498e-07 -3.170121374296286376e-07 9.199760064859674458e-09
-1.005506192086613737e-06 -1.382180556674938998e-07 9.195088068736367859e-08
-9.536501579532341566e-07 -2.118894002478555194e-07 2.006767374496121192e-08
-7.949229825499060098e-07 -1.980809969381880364e-07 6.602215876228001434e-07
-1.308556079493428115e-06 -3.124758407579975028e-08 1.370517281884531258e-07
-1.240050437445461284e-06 -3.759809885650611250e-07 5.058654437561926898e-07
-1.266773324459791183e-06 9.978966986068371625e-09 3.140378055377368582e-07
-8.795615826784342062e-07 -1.225267851623357274e-06 8.681126928422600031e-07
-8.459452516262899735e-08 -4.442879344424000010e-07 1.800895688575110398e-06
-4.118246721418472589e-08 -1.086398924599052407e-06 -3.081482802258506126e-08
2.470060280757024884e-07 -3.376551944711536635e-07 1.530171289232384879e-06
-2.500172797681443626e-07 -4.227110252941201907e-07 -5.421958704232565651e-08
-1.631534445323268301e-07 -3.623017335030453978e-07 -1.914493594767918694e-07
2.944904409218906949e-08 -3.467349927177565405e-07 5.728709879804227967e-07
-3.313584073794118012e-08 -1.360027539476504899e-07 -5.056383400869890465e-08
-4.771507633449800778e-07 -1.169590646554752311e-07 8.458106321995728649e-07
2.591951897557009943e-07 -2.218135790599262691e-07 2.831029917160776677e-07
3.005409325851360336e-07 4.893060534527648997e-08 2.316045737416061456e-07
7.569231286197464215e-08 -1.574107528767854092e-07 6.269721666285477113e-07
-2.266621947910607560e-07 -2.530165943426254671e-07 2.824075977514439728e-07
-1.221653178617998492e-07 -6.601064796996070072e-07 6.185281336001935415e-07
-3.503517689296131721e-07 -1.846600099497663905e-07 2.131172038843942573e-07
-4.582163057875732193e-07 -2.788651727314572781e-07 4.869608574153971858e-07
-6.074272107525757747e-08 -8.869653100873620133e-08 -5.940688083683198784e-07
1.156373699018331536e-07 2.017469853399234125e-07 5.091833941150980536e-07
-2.505338727587513858e-07 -1.388339825325601851e-07 -1.011582497767449240e-07
8.466281542496290058e-08 2.405559840212845302e-08 -5.743893893850327004e-07
-1.710218811012964579e-08 3.739249621048656991e-07 9.669471410234109499e-07
-1.818295629618660314e-07 -5.525832236230598937e-08 -1.643987843635841273e-07
-2.148803446289093699e-07 -1.278865937592854607e-07 -3.809653037478710758e-08
-1.573121863884807681e-07 3.248965541047255101e-08 -3.276062443546834402e-07
1.130544973193536862e-07 8.237874737915262813e-08 8.999514875540626235e-07
-1.966512570561462780e-07 -1.335887702680338407e-07 -1.339308681735928985e-07
-2.723889167555171298e-07 -2.121874302929427358e-07 8.343735657945217099e-08
1.569930532241414767e-07 -1.304992593986753491e-07 -2.069167663876214647e-07
-2.895357908982987283e-08 -1.695601810070002102e-07 4.415788623646221822e-08
1.823051718474744121e-07 -1.785008691967959749e-07 -2.490671988653048174e-07
7.242604169732658193e-07 5.526495101548789535e-07 4.084913030055759009e-07
-3.728829511828735122e-08 -1.583544957384219742e-07 9.303370518409792567e-08
-1.951710828507202677e-07 -1.179723483346606372e-07 3.152100305214844411e-07
-2.997275601046567317e-07 -7.214630670659971656e-08 -5.130889135784855171e-08
-2.673225196758721722e-07 5.514982359677844670e-10 -9.486995367069539498e-08
-2.488649499809980625e-07 -1.932728821429918753e-07 1.712052011271225638e-07
-1.885350826569265337e-07 -1.449136561859631911e-07 1.314640940108802170e-06
7.002000188549573068e-07 -8.436525433808128582e-08 -1.540474414696291205e-07
-1.092013022230275965e-07 -1.401254081656588824e-07 3.248461268867686158e-07
-2.711576918557057070e-08 1.509141611677478068e-07 1.071301980459793413e-07
5.932692488386237528e-07 -3.002568504939517879e-08 -6.074629510521845077e-08
-5.214972276235130266e-08 -6.640303809035685845e-07 3.455587318512698403e-07
3.172600315792806214e-07 2.025317940024251584e-07 -2.154004903331951937e-07
-3.504318968339248386e-08 1.401058398187160492e-07 -7.468385376796504715e-08
-1.323974458955490263e-07 1.397879572095916956e-07 2.793548681268021028e-08
-4.122213965729315532e-07 1.347513602922845166e-07 9.542782208882272243e-08
5.244656335889885668e-07 4.419636638886004221e-07 -5.568159053837007377e-07
1.966202205494482769e-07 6.489904649242816959e-07 -5.361430339689832181e-07
-1.253740435913641704e-07 -2.195883439526369330e-07 -1.422159243702481035e-07
-2.173539286332015763e-07 -4.774813433527924644e-08 8.713283961014894885e-08
-2.228773041679232847e-07 3.402944415142883372e-08 1.185643512258138799e-07
-7.251464495539039490e-08 2.920778570114634931e-07 -2.404841268344171112e-07
-3.458019648405752378e-07 2.904983205098687904e-07 1.489229930484725628e-07
-3.421263272684882395e-07 2.340527061051034252e-07 3.775465415856160689e-07
-3.215925516997231171e-07 1.919221688240213552e-07 3.894972735452029156e-07
-2.128935250311769778e-07 -3.050252317393642443e-08 -2.198907083084122860e-07
-3.194467694811464753e-07 2.006045605185136083e-07 4.124719410469879222e-08
7.674539688196091447e-07 -4.687159105287719285e-07 -2.495042963346350007e-07
-3.831343349247617880e-07 3.109888169205987651e-08 2.448467455451464048e-07
-1.106715572518623958e-07 -1.058825347399761085e-07 -1.410834329362842254e-07
2.709074919948761817e-07 -1.469700094958170666e-07 -1.853994859857266420e-07
2.364752305084039108e-08 -8.472288470784405945e-08 -1.522295036693321890e-07
3.113722168990307182e-09 1.676396443883731990e-08 -9.489976093846053118e-08
6.981132827377223293e-08 1.969686849179197452e-07 -2.385101716129156557e-08
-6.792508600028668297e-08 -1.314529214369031251e-07 -1.995357195028191200e-07
-2.506729401829943527e-07 9.401158962418776355e-08 1.443135602130496409e-07
-8.477333324208302656e-08 -2.958858580370815616e-08 4.281678300799285353e-08
-8.924368444240826648e-08 -6.405993957514510839e-08 2.974349655460173381e-08
2.214852798942956724e-07 -2.015479907413464389e-07 -1.564316249869079911e-07
1.609567590321603348e-07 -1.429765035254604300e-07 1.539893901281175204e-07
5.169151151562800806e-08 1.579041963850613683e-08 -1.060855652212921996e-07
3.982428609106136719e-07 1.237308655532842749e-08 -1.750878766415553400e-07
3.438437090608204016e-07 1.290789839458739152e-07 -4.741542056763137225e-07
-2.757335915148928507e-09 -2.628315201036457438e-07 4.854508119933598209e-07
-1.119729162724070193e-07 -2.557683842496771831e-07 -9.029328396081837127e-09
-1.864986103328192257e-07 3.209662224890053039e-07 2.775667340415566287e-08
-2.242184109491063282e-07 2.264928582462744089e-07 1.078454587855048885e-07
-1.174267438841525291e-07 2.703221468891570112e-07 3.348398252001061337e-07
-1.278873611454400816e-07 -4.262213693095873168e-08 8.296051845491092536e-08
-1.278873611454400816e-07 -4.262213693095873168e-08 8.296051845491092536e-08
1.348002598433595267e-07 -2.772260359051870182e-07 -1.348050773231079802e-07
1.607084243460121797e-07 2.057901724583643954e-07 -5.025587768159311963e-08
4.335679193445685087e-08 -1.854547377888593473e-07 4.208890800327935722e-07
1.303789609607974853e-08 -5.078797116198074946e-08 4.462607705590926344e-07
7.673539670349782682e-08 2.733818291744682938e-07 1.744536461956158746e-07
8.592649578531563748e-07 4.321686333241814282e-07 -9.290866955780074932e-07
8.124548855903412914e-08 -2.847759503765701083e-07 -1.721871143445241614e-07
-1.715676347657790757e-07 -1.895277392804928240e-07 -1.565408922488131793e-07
-9.707175507855936303e-08 -2.123066309422938502e-07 -1.536798777124204207e-07
-1.824752899892700952e-07 -2.033063282169678132e-07 6.552615872124079033e-08
-1.119729162724070193e-07 -2.557683842496771831e-07 -9.029328396081837127e-09
-1.870052415142708924e-07 1.954984440999396611e-07 1.570490866242835182e-07
-5.143446557553943421e-08 1.206946080856141634e-07 -1.119864236898138188e-07
-1.905318498529595672e-07 8.744513735337022808e-08 2.673773167316539912e-07
-2.516868491397872276e-08 -7.590139716739940923e-08 -5.548121606580025400e-08
-3.339406191571470117e-07 2.141745625294788624e-07 3.899214817693064106e-08
1.610859072798120906e-07 1.206349935500838910e-07 -1.518122729748938582e-07
1.002394967031250417e-07 3.838058404426192283e-08 -1.806410523386148270e-07
7.795735541549220216e-07 -4.124690065054892329e-07 -4.314673276439862093e-07
-1.022772337933020026e-07 -2.646494579039426753e-07 1.355089995769276356e-08
-4.764752077335288050e-07 -1.462646821437374456e-07 7.817455980330123566e-07
3.971600506247341400e-07 -1.765537831488472875e-07 -4.707368645995302359e-07
-4.501895602970762411e-07 -1.373835942786172382e-07 4.280118446331471205e-07
1.509829274937146693e-07 2.683949276161001762e-07 -2.893728101582837553e-08
-2.021746325908679864e-07 2.883823526644846424e-07 1.291938644953916082e-07
-2.118504482950811507e-07 2.728851598021719838e-07 1.114316674488691206e-07
1.331710706153899082e-07 1.619211502656980883e-07 -9.008171275581844384e-08
-3.934856636078620795e-07 1.448742210641285055e-07 1.977093972982402192e-07
1.386546983894731966e-07 1.568547531860531308e-07 -9.877405915403869585e-08
-8.425675446233071852e-08 -2.929056286404829734e-08 4.323401370243118436e-08
-1.278873611454400816e-07 -4.262213693095873168e-08 8.296051845491092536e-08
1.717551469937461661e-07 1.711201349507973646e-07 4.430689770629214763e-08
1.203659962811798323e-07 9.679313706101311254e-08 -1.159004625606030459e-07
-3.817243410253468028e-08 -1.785803362963633845e-07 -1.829457545454715728e-07
2.842390642854297766e-07 -1.549769024222769076e-07 -9.700579539639875293e-08
-3.358579192536126357e-07 1.315525821610208368e-07 2.774008294181840029e-07
2.278927837551236735e-07 -1.165915080036938889e-07 -1.671405982506257715e-07
2.606356019896338694e-07 -1.013923238701863738e-07 -1.690876700877197436e-07
1.925671000435613678e-07 1.326751402075387887e-07 -4.837207825403311290e-07
-4.181023882665613201e-07 -2.538510841532115592e-07 8.087861829153553117e-07
1.785500671758200042e-07 -5.474174713526736014e-08 -2.292188412411633180e-07
1.368168796034296975e-07 -4.393343999709031777e-08 -2.159866028250689851e-07
1.785500671758200042e-07 -5.474174713526736014e-08 -2.292188412411633180e-07
-3.302252764569857391e-07 -2.352345518374931999e-07 1.672017475584652857e-07
1.503471338537565316e-07 2.128632559106335975e-07 -1.807503196005200152e-07
-1.145359149745672767e-07 -1.562683422662303201e-07 6.692686582709939103e-08
4.452902047091811255e-08 7.811701152604655363e-08 -1.464180456878239056e-07
-6.362157023431791458e-07 -2.229560038813360734e-07 9.051967140294436831e-07
3.360156028975325171e-07 -2.371319709482122562e-07 -3.967078896494058426e-07
4.668577560096309753e-07 -2.143629984630024410e-07 -5.183410962672496680e-07
-1.968400056284735911e-07 3.955280547529582691e-08 7.649341426940736710e-08
3.282968066287139663e-07 -1.232672275364166126e-07 -3.170065667745802784e-07
-2.727068135754961986e-07 -2.396588172359770397e-08 3.518738722618763859e-08
-1.874423389836010756e-07 3.563877015722027863e-08 7.861930839681008365e-08
-1.242912190946299233e-07 2.659873032939685800e-08 -8.697234221699545742e-08
-1.016811879139822850e-07 9.969032710444025724e-09 8.797724149189889431e-08
1.652482950476041879e-07 1.459272453985249740e-07 -2.625676529532938730e-07
-3.605646980986421113e-08 1.610668221019295743e-07 2.409327066743571777e-07
5.885338438815779227e-09 4.477850268358452013e-07 -1.334073118641754263e-08
-9.101195530547556700e-08 -2.632026507853879593e-08 4.920272544950421434e-07
4.256212662312464090e-07 7.434205429035500856e-08 5.524763082576100715e-07
-1.615639888541409164e-07 2.802562448778189719e-07 2.192465444750268944e-07
-1.582857294124551117e-07 2.779515568818169413e-07 2.173987923015374690e-07
6.213225844931002939e-08 8.236881399170670193e-08 -3.126256160612683743e-07
-1.887834457647841191e-07 -8.478606261519416876e-09 4.118490153359743999e-07
3.845735534468985861e-07 -1.132536482373325271e-07 -2.603125892619573278e-07
-1.292781490747074713e-07 3.092638394264213275e-07 2.372272831507871160e-07
-7.900161591578580556e-08 -7.117276368262537289e-08 -6.747168868059816305e-08
1.349486478119388266e-08 7.499770759977764101e-08 5.280056214473916043e-08
1.903809732084482675e-08 -6.223563442375734667e-09 1.098789947917566678e-08
-2.374506351543459459e-07 -6.690109444207337219e-08 1.632479751378923538e-07
1.162215539807220921e-06 -3.061740301291138167e-07 -2.831511096701433416e-07
-8.530977879672718700e-08 1.332711860868585063e-07 -3.897838496413896792e-07
2.449397129566932563e-07 9.532289624303302844e-08 -5.032015337746997830e-07
-1.194235039747582050e-07 -1.887031970682073734e-07 4.929610781800874975e-07
-1.463647976152060437e-07 -2.334364808120881207e-07 -1.023304676550651493e-07
-8.552832753139227862e-08 -2.110152053091951529e-07 -1.390568655779134133e-07
-2.649985297864532185e-08 1.597952632437227294e-07 -5.174967441234912258e-07
-5.077881581883048057e-08 -2.511986565423285356e-07 -2.247017683032481727e-08
-1.119729162724070193e-07 -2.557683842496771831e-07 -9.029328396081837127e-09
-2.047376312930282438e-07 -6.437783639512417722e-08 -7.060093309974035947e-08
-2.439773538753797766e-07 2.186449137298041023e-07 1.333959858129674103e-07
-1.692827851229594671e-07 4.113864804367040051e-07 3.315516323709744029e-07
-2.212282339542070986e-07 2.644411551955272444e-07 1.222399816924735205e-07
-5.119201205161516555e-07 1.263669702211700496e-07 2.415883386674977373e-07
1.074696001523989253e-06 -3.488509605631406885e-07 -2.103638934158880147e-07
-3.302650100067694439e-07 -8.082871971737404238e-08 2.427307776997622568e-07
-2.864562098636724841e-08 -6.646399697274318896e-08 -1.638722721963858930e-07
-1.431660336947970791e-07 -6.207311997741271625e-08 3.537318660207233734e-09
4.222430405320665159e-08 4.497682937198987929e-08 -8.631668890757282497e-08
-1.674518079752829181e-09 3.130749703927904193e-08 -1.036815149291214766e-07
3.087762934228521772e-07 -7.570272231305352761e-08 -1.309109052272106055e-07
-2.507921408323454671e-07 -8.368974135919415858e-08 8.879183610588370357e-08
1.944744525417263503e-07 1.625767964696933632e-07 -7.805151369666418759e-08
-2.507921408323454671e-07 -8.368974135919415858e-08 8.879183610588370357e-08
1.944744525417263503e-07 1.625767964696933632e-07 -7.805151369666418759e-08
3.532314281073922757e-07 -1.649308813966854359e-07 -3.412060607388411881e-07
-1.294569642595888581e-07 3.682923193082388025e-07 5.855240914343085024e-08
-3.539677777553151827e-07 8.689876551670749905e-08 1.203822961315381690e-07
-3.819230087742653268e-08 -3.239000534449587576e-08 1.691786337687517516e-07
1.348002598433595267e-07 -2.772260359051870182e-07 -1.348050773231079802e-07
-2.409375099432509160e-07 2.881403560195394675e-08 2.591319798739277758e-07
1.331710706153899082e-07 1.619211502656980883e-07 -9.008171275581844384e-08
1.285517186033757753e-07 -2.702324195524852257e-07 -1.363448660640642629e-07
-2.731445114534380991e-08 -1.149126376276399242e-07 -7.961116921251232270e-08
-1.145359149745672767e-07 -1.562683422662303201e-07 6.692686582709939103e-08
1.708809378442310845e-07 2.027106091873065452e-07 -9.019099422857834725e-08
-1.118537085176285473e-07 7.152076619831859716e-08 3.499863865386032558e-08
1.304789236655778950e-07 -1.286912549858243437e-07 -3.324441593122173799e-07
-6.362157023431791458e-07 -2.229560038813360734e-07 9.051967140294436831e-07
3.360156028975325171e-07 -2.371319709482122562e-07 -3.967078896494058426e-07
4.668577560096309753e-07 -2.143629984630024410e-07 -5.183410962672496680e-07
-2.285695472892257385e-07 3.698980677313556953e-08 1.607048432106239488e-07
1.935598881175337738e-08 1.257610051652591210e-07 -1.568091221315626171e-07
-1.859124836300907191e-07 1.468014403371853405e-07 5.813517844899251941e-08
2.221310069216997363e-07 -5.587423501651755942e-08 -3.387622484751773300e-07
-3.076251857692113845e-07 -4.029755373835541832e-08 2.641387766288971761e-07
4.304095284624054329e-07 -1.695999003459291998e-07 -1.063339212237224274e-07
-2.815581012782786274e-07 -7.883195962676836643e-08 2.539066485951479990e-07
3.969911688272986794e-07 -1.986075091053862707e-07 -2.361528430583348381e-07
-3.682331737309141317e-07 1.713486170729083824e-07 7.394659746751131024e-07
6.616755854338407516e-07 -5.369230393625912257e-09 -2.123507272244751221e-07
-5.712068968932726420e-07 7.796800360893030302e-08 3.431149480093154125e-07
-1.710014032596518518e-07 4.441094176854676334e-07 2.263792424628263689e-07
5.754176868322247174e-07 1.100849758017830027e-07 -1.180362971808790462e-07
-1.615639888541409164e-07 2.802562448778189719e-07 2.192465444750268944e-07
1.156764817267230683e-08 1.965216398502889206e-07 5.151240429768222384e-07
7.452009498365441686e-08 3.951307192551212211e-08 -3.276956306308420608e-07
-2.829091272360528819e-07 2.115122157420046278e-07 2.743878368960395164e-08
-3.363844029991014395e-07 2.152772395902502467e-07 2.247500390240020351e-07
1.428170861572652939e-07 2.808920100960676791e-07 2.622682160335898516e-08
5.585992539636208676e-07 2.463177750655631826e-08 -1.715811492886132328e-07
-2.709590063432187890e-08 6.806369867717876332e-08 7.741728325072472217e-08
-2.732432449192856438e-07 1.529705286884563975e-07 -2.751670358236424363e-08
-3.461602204879454803e-08 1.482716811551654246e-07 -2.786906918572640279e-07
-6.609720770711646765e-08 4.483775128960587608e-08 -6.228608384617473348e-08
3.013257128259283490e-07 -1.140285093015336315e-07 1.234320734511129558e-07
-2.855615264252264751e-07 8.872663670445035677e-08 1.119383057357481448e-07
-2.855615264252264751e-07 8.872663670445035677e-08 1.119383057357481448e-07
-2.123868796388705960e-07 -9.442214121690994943e-09 6.836730648274169653e-08
-2.123868796388705960e-07 -9.442214121690994943e-09 6.836730648274169653e-08
8.000378102224203758e-07 -1.672355978143968969e-07 -4.048638118092640070e-07
2.708478916702006245e-07 -3.256647573834925424e-07 -5.033008960708684754e-07
3.868583746680087643e-07 -3.912695945018640487e-07 -1.299274146049356204e-07
9.306707227096921997e-08 -2.890873815886152443e-07 -1.947176713201770326e-07
-1.040852382061530079e-07 -2.163136514354846440e-08 -1.860253320273841382e-07
-1.040653714312611555e-07 -2.161149836865661200e-08 -1.860054652524922858e-07
-1.466528942728473339e-07 -2.349762695530444034e-07 -9.451233040635997895e-08
-1.376029103994369507e-07 -5.373840394895523787e-08 4.779376894248343888e-08
-2.896413331399116942e-09 -3.160187134199077263e-07 4.781363927008897008e-08
-7.309082405981826014e-08 -3.751862891476775985e-07 -3.060621267536589585e-08
-9.092254771303487360e-08 -2.733616781824821373e-07 2.096174434029762779e-08
-2.744949370026006363e-07 -1.895773920068677398e-07 1.618472680320337531e-07
-1.697596303529280704e-07 -2.527980598188150907e-07 7.490395148579409579e-08
1.006567273975633725e-07 8.276617791125318035e-08 -2.936315866008953890e-07
5.972820105171194882e-08 9.738918294033283019e-08 -2.616040433167654555e-07
-3.621733810632576933e-07 -2.997863930431776680e-07 7.224190312626888044e-07
-3.531829975145228673e-07 -6.208306047028600005e-08 4.167663973930757493e-07
3.185117236625956139e-07 3.089459710281516891e-07 -2.200397233309558942e-07
2.576354916072887136e-07 3.869847375881363405e-08 -3.373118602212343831e-07
4.432245361840614351e-07 2.151246647486004804e-08 -3.528885486048238818e-07
-9.784661614276046748e-08 -1.213002747135760728e-07 5.267469305181293748e-07
-4.783925078299944289e-07 -1.758087222469839617e-07 1.660295367855724180e-07
1.618905685063509736e-07 5.136879508427227847e-07 3.834643536038129241e-08
4.846993988394387998e-07 -2.177207250042556552e-07 -5.635910156343015842e-07
-1.627362138378884993e-07 3.688088838771363953e-07 1.615363665052882425e-08
-1.778360569915093947e-07 3.554972067831840832e-07 2.427973733176713722e-08
-9.291930069821319194e-08 3.078929182720457902e-07 -3.664614922627151827e-08
1.727485567926123622e-07 2.359004582785928505e-07 5.718180204894451890e-07
1.352870384607740561e-07 2.325526509139308473e-07 3.987856871390249580e-07
-2.115524182499939343e-07 4.123167229863611283e-08 3.083256956415425520e-07
-3.511465251904155593e-07 1.752328557813598309e-07 1.471646555728511885e-07
2.921962618529505562e-07 2.022103373633399315e-08 -3.824922032436006702e-07
-2.682066622128331801e-07 -2.716823432891146695e-09 1.467871584281965625e-07
-2.981182376515789656e-07 8.825973907278239494e-08 1.400786864280689770e-08
7.683380545131512918e-07 -3.757560662620562653e-08 -8.153838848556915764e-08
1.969381031585726305e-07 1.805575351454535848e-07 -1.706870733642062987e-07
1.742982789210145711e-07 8.596496314794421778e-08 -2.333414812483169953e-07
-2.709385000798647525e-07 -2.194591957049851771e-07 1.639930360397556797e-07
1.978222314846789232e-07 9.190555516624954180e-08 -4.567694986690185033e-07
2.424561955649551237e-07 5.995746477083230275e-08 6.823816534051729832e-08
-1.127974513792651123e-07 -1.543510563806194114e-07 5.716590294468915090e-07
8.064944267971441150e-08 -2.832659617979516042e-07 -1.743130155773542356e-07
7.512606714499270311e-08 -2.819149358401773497e-07 -1.806112521762770484e-07
-9.713136250866227783e-08 -2.126443945371647715e-07 -1.536997444873122731e-07
-7.228616283327937708e-08 -2.811798083257599501e-07 -4.218938087774404266e-08
-4.294080468980610021e-08 -2.296416568015047233e-07 -1.818232107098083361e-07
-1.951909496256121201e-07 -2.330689312657341361e-07 1.253195591743860859e-07
2.503438736312091351e-07 1.402214877543883631e-08 -2.558223854975949507e-07
-4.009033549579044120e-09 -5.096678634686213627e-08 -1.652531125273526413e-07
-1.261197102309097318e-08 -1.220950025526690297e-07 -1.253179959803674137e-07
-1.987076245768548688e-07 6.420926723649245105e-08 -1.316658995165198576e-07
-2.291556597810995299e-07 3.093000344733809470e-08 1.188027738407981815e-07
-3.682530405058059841e-07 2.910049659021751722e-07 2.112297181611211272e-07
3.679239739540207665e-07 4.018696131424803752e-07 2.625989736770861782e-07
-1.934723456997744506e-07 3.305625853045057738e-07 1.130509232893928129e-07
-1.727100595871888800e-07 6.742791924807534087e-08 -7.524015899207370239e-08
