-2.000000094994902611e-03 -2.000000094994902611e-03 -2.000000094994902611e-03
-2.000000094994902611e-03 -2.000000094994902611e-03 -2.000000094994902611e-03
-2.000000094994902611e-03 -2.000000094994902611e-03 -2.000000094994902611e-03
-2.000000094994902611e-03 -2.000000094994902611e-03 -2.000000094994902611e-03
-2.000000094994902611e-03 -2.000000094994902611e-03 -2.000000094994902611e-03
-2.000000094994902611e-03 -1.879632705822587013e-03 -2.000000094994902611e-03
-2.000000094994902611e-03 -1.638590823858976364e-03 -2.000000094994902611e-03
-2.000000094994902611e-03 -1.421365654096007347e-03 -2.000000094994902611e-03
-2.000000094994902611e-03 -1.225662999786436558e-03 -2.000000094994902611e-03
-2.000000094994902611e-03 -1.049316721037030220e-03 -2.000000094994902611e-03
-2.000000094994902611e-03 -8.903109119273722172e-04 -2.000000094994902611e-03
-2.000000094994902611e-03 -7.467942195944488049e-04 -2.000000094994902611e-03
-1.964461291208863258e-03 -6.170839187689125538e-04 -2.000000094994902611e-03
-1.558863557875156403e-03 -4.995585768483579159e-04 -2.000000094994902611e-03
-1.181090599857270718e-03 -3.915412817150354385e-04 -2.000000094994902611e-03
-8.290251716971397400e-04 -2.900486870203167200e-04 -2.000000094994902611e-03
-5.011536995880305767e-04 -1.927082194015383720e-04 -2.000000094994902611e-03
-1.965052360901609063e-04 -9.771834447747096419e-05 -2.000000094994902611e-03
8.542124123778194189e-05 -3.807218263318645768e-06 -2.000000094994902611e-03
3.447496274020522833e-04 8.980195707408711314e-05 -2.000000094994902611e-03
5.813253228552639484e-04 1.834318536566570401e-04 -2.000000094994902611e-03
7.948082638904452324e-04 2.769902348518371582e-04 -1.680144225247204304e-03
9.851137874647974968e-04 3.697827924042940140e-04 -1.138432999141514301e-03
1.152415527030825615e-03 4.605255962815135717e-04 -6.266811396926641464e-04
1.296773552894592285e-03 5.476890364661812782e-04 -1.468652626499533653e-04
1.418101717717945576e-03 6.297156796790659428e-04 2.985516912303864956e-04
1.516335876658558846e-03 7.051100837998092175e-04 7.069437415339052677e-04
1.591571024619042873e-03 7.725212490186095238e-04 1.075807609595358372e-03
1.644161297008395195e-03 8.308129617944359779e-04 1.403024536557495594e-03
1.674777129665017128e-03 8.791127474978566170e-04 1.687055919319391251e-03
1.684427494183182716e-03 9.168449905700981617e-04 1.927089993841946125e-03
1.674445462413132191e-03 9.437404805794358253e-04 2.000000094994902611e-03
1.646427321247756481e-03 9.598279139026999474e-04 2.000000094994902611e-03
1.602193224243819714e-03 9.653960005380213261e-04 2.000000094994902611e-03
1.543750986456871033e-03 9.609458502382040024e-04 2.000000094994902611e-03
1.473218319006264210e-03 9.471554658375680447e-04 2.000000094994902611e-03
1.392741221934556961e-03 9.248444112017750740e-04 2.000000094994902611e-03
1.304429722949862480e-03 8.949376060627400875e-04 2.000000094994902611e-03
1.210302812978625298e-03 8.584309252910315990e-04 2.000000094994902611e-03
1.112249679863452911e-03 8.163573220372200012e-04 2.000000094994902611e-03
1.012000837363302708e-03 7.697583059780299664e-04 2.000000094994902611e-03
9.111097897402942181e-04 7.196576916612684727e-04 2.000000094994902611e-03
8.109454065561294556e-04 6.670405855402350426e-04 2.000000094994902611e-03
7.126893033273518085e-04 6.128349341452121735e-04 2.000000094994902611e-03
6.173414294607937336e-04 5.578991840593516827e-04 2.000000094994902611e-03
5.257275188341736794e-04 5.030116299167275429e-04 2.000000094994902611e-03
4.385115753393620253e-04 4.488647682592272758e-04 2.000000094994902611e-03
3.562089696060866117e-04 3.960619214922189713e-04 2.000000094994902611e-03
2.792017185129225254e-04 3.451159573160111904e-04 1.798053504899144173e-03
2.077750541502609849e-04 2.964030136354267597e-04 1.588107552379369736e-03
1.421245833626016974e-04 2.501924464013427496e-04 1.383533934131264687e-03
8.235150744440034032e-05 2.066931192530319095e-04 1.186126144602894783e-03
2.847603536793030798e-05 1.660620037000626326e-04 9.973763953894376755e-04
-1.955232801265083253e-05 1.284082973143085837e-04 8.184973848983645439e-04
-6.184454105095937848e-05 9.379864059155806899e-05 6.504486082121729851e-04
-9.856327233137562871e-05 6.226103141671046615e-05 4.939553909935057163e-04
-1.299148279940709472e-04 3.378909605089575052e-05 3.495324053801596165e-04
-1.561425451654940844e-04 8.345680726051796228e-06 2.174997935071587563e-04
-1.775201526470482349e-04 -1.413408244843594730e-05 9.800184488995000720e-05
-1.943457755260169506e-04 -3.373887375346384943e-05 -8.975161108537577093e-06
-2.069367619697004557e-04 -5.057858652435243130e-05 -1.035867753671482205e-04
-2.156238624593243003e-04 -6.478112482000142336e-05 -1.861144846770912409e-04
-2.207465295214205980e-04 -7.648916653124615550e-05 -2.569495118223130703e-04
-2.226485521532595158e-04 -8.585750038037076592e-05 -3.165758098475635052e-04
-2.216733118984848261e-04 -9.304992272518575191e-05 -3.655574109870940447e-04
-2.181600430049002171e-04 -9.823688742471858859e-05 -4.045217647217214108e-04
-2.124402963090687990e-04 -1.015925299725495279e-04 -4.341452440712600946e-04
-2.048346941592171788e-04 -1.032926666084676981e-04 -4.551410384010523558e-04
-1.956504711415618658e-04 -1.035123059409670532e-04 -4.682456492446362972e-04
-1.851788547355681658e-04 -1.024238372338004410e-04 -4.742071905639022589e-04
-1.736935955705121160e-04 -1.001952841761521995e-04 -4.737751733046025038e-04
-1.614493958186358213e-04 -9.698870417196303606e-05 -4.676911048591136932e-04
-1.486809487687423825e-04 -9.295893687522038817e-05 -4.566797870211303234e-04
-1.356022985419258475e-04 -8.825264376355335116e-05 -4.414426512084901333e-04
-1.224066072609275579e-04 -8.300737681565806270e-05 -4.226512683089822531e-04
-1.092661332222633064e-04 -7.735107647022232413e-05 -4.009430704172700644e-04
-9.633262379793450236e-05 -7.140152592910453677e-05 -3.769169852603226900e-04
-8.373775926884263754e-05 -6.526622746605426073e-05 -3.511307586450129747e-04
-7.159385131672024727e-05 -5.904223871766589582e-05 -3.240987134631723166e-04
-5.999479253659956157e-05 -5.281625271891243756e-05 -2.962906728498637676e-04
-4.901703141513280571e-05 -4.666477252612821758e-05 -2.681314072106033564e-04
-3.872073648381046951e-05 -4.065440953127108514e-05 -2.400008379481732845e-04
-2.915082040999550372e-05 -3.484221088001504540e-05 -2.122343576047569513e-04
-2.033831515291240066e-05 -2.927609239122830331e-05 -1.851241540862247348e-04
-1.230157158715883270e-05 -2.399539880570955575e-05 -1.589207531651481986e-04
-5.047471404395764694e-06 -1.903137854242231697e-05 -1.338347356067970395e-04
1.427339157089591026e-06 -1.440774394723121077e-05 -1.100388108170591295e-04
7.135103714972501621e-06 -1.014136432786472142e-05 -8.767029066802933812e-05
1.209595393447671086e-05 -6.242727067728992552e-06 -6.683338870061561465e-05
1.633662577660288662e-05 -2.716664312174543738e-06 -4.760182855534367263e-05
1.988941403396893293e-05 4.370758688310161233e-07 -3.002150333486497402e-05
2.279114414704963565e-05 3.223259909646003507e-06 -1.411314588040113449e-05
2.508224861230701208e-05 5.650523235090076923e-06 1.249958216931190691e-07
2.680578654690179974e-05 7.730927791271824390e-06 1.271472137887030840e-05
2.800666879920754582e-05 9.479277650825679302e-06 2.369492176512721926e-05
2.873093944799620658e-05 1.091272497433237731e-05 3.311949330964125693e-05
2.902502092183567584e-05 1.205024818773381412e-05 4.105489279027096927e-05
2.893516102631110698e-05 1.291220087296096608e-05 4.757766873808577657e-05
2.850687269528862089e-05 1.351993705611675978e-05 5.277271702652797103e-05
2.778447196760680526e-05 1.389541830576490611e-05 5.673099803971126676e-05
2.681071782717481256e-05 1.406087449140613899e-05 5.954782682238146663e-05
2.562642112025059760e-05 1.403850728820543736e-05 6.132132693892344832e-05
2.427022627671249211e-05 1.385022824251791462e-05 6.215078610694035888e-05
2.277836756547912955e-05 1.351742230326635763e-05 6.213546294020488858e-05
2.118453085131477565e-05 1.306075137108564377e-05 6.137322634458541870e-05
1.951972444658167660e-05 1.249998331331880763e-05 5.995966057525947690e-05
1.781222636054735631e-05 1.185386736324289814e-05 5.798715574201196432e-05
1.608755701454356313e-05 1.114001588575774804e-05 5.554412928177043796e-05
1.436849379388149828e-05 1.037482525134691969e-05 5.271445479593239725e-05
1.267510742763988674e-05 9.573416718922089785e-06 4.957694181939586997e-05
1.102483383874641731e-05 8.749603694013785571e-06 4.620500112650915980e-05
9.432577826373744756e-06 7.915877176856156439e-06 4.266639734851196408e-05
7.910817657830193639e-06 7.083405307639623061e-06 3.902302705682814121e-05
6.469735581049462780e-06 6.262048373173456639e-06 3.533092603902332485e-05
5.117371074447873980e-06 5.460401098389411345e-06 3.164021109114401042e-05
3.859753633150830865e-06 4.685823569161584601e-06 2.799518370011355728e-05
2.701080575207015499e-06 3.944501258956734091e-06 2.443448283884208649e-05
1.643871883061365224e-06 3.241506419726647437e-06 2.099125595123041421e-05
6.891237376294157002e-07 2.580863338152994402e-06 1.769338996382430196e-05
-1.635033584079792490e-07 1.965623141586547717e-06 1.456381960451835766e-05
-9.155500606539135333e-07 1.397936557623324916e-06 1.162077842309372500e-05
-1.569590494909789413e-06 8.791336085778311826e-07 8.878148946678265929e-06
-2.129077302015502937e-06 4.098044996680982877e-07 6.345786914607742801e-06
-2.598207856863155030e-06 -1.012721373427893923e-08 4.029888714285334572e-06
-2.981776788146817125e-06 -3.813198077295965049e-07 1.933320390890003182e-06
-3.285061666247202083e-06 -7.049431474115408491e-07 5.596987406875086890e-08
-3.513694082357687876e-06 -9.826080713537521660e-07 -1.604911972208356019e-06
-3.673553237604210153e-06 -1.216284204019757453e-06 -3.054336502827936783e-06
-3.770668627112172544e-06 -1.408251591783482581e-06 -4.299310603528283536e-06
-3.811124997810111381e-06 -1.561023282192763872e-06 -5.348480499378638342e-06
-3.800989361479878426e-06 -1.677297177593572997e-06 -6.211859272298170254e-06
-3.746235961443744600e-06 -1.759894871611322742e-06 -6.900528660480631515e-06
-3.652683744803653099e-06 -1.811718334465695079e-06 -7.426398497045738623e-06
-3.525948613969376311e-06 -1.835706143538118340e-06 -7.801973879395518452e-06
-3.371394996065646410e-06 -1.834789827626082115e-06 -8.040105967666022480e-06
-3.194101964254514314e-06 -1.811863057810114697e-06 -8.153826456691604108e-06
-2.998836407641647384e-06 -1.769748337210330646e-06 -8.156155672622844577e-06
-2.790028702293056995e-06 -1.711174832053075079e-06 -8.059949323069304228e-06
-2.571761342551326379e-06 -1.638752337385085411e-06 -7.877765710873063654e-06
-2.347758254472864792e-06 -1.554956725158262998e-06 -7.621744771313387901e-06
-2.121381157849100418e-06 -1.462113687011878937e-06 -7.303511665668338537e-06
-1.895631839943234809e-06 -1.362389184578205459e-06 -6.934095836186315864e-06
-1.673157726145291235e-06 -1.257781036656524520e-06 -6.523869160446338356e-06
-1.456260179111268371e-06 -1.150114940173807554e-06 -6.082494110160041600e-06
-1.246907231688965112e-06 -1.041042423821636476e-06 -5.618892373604467139e-06
-1.046748252520046663e-06 -9.320409617430414073e-07 -5.141219389770412818e-06
-8.571314538130536675e-07 -8.244156788350665011e-07 -4.656857981899520382e-06
-6.791219107071810868e-07 -7.193044098130485509e-07 -4.172417447989573702e-06
-5.135212859386228956e-07 -6.176830993354087695e-07 -3.693743792609893717e-06
-3.608895440265769139e-07 -5.203726800573349465e-07 -3.225937234674347565e-06
-2.215651448977951077e-07 -4.280470875528408214e-07 -2.773375854303594679e-06
-9.568757519673454226e-08 -3.412421847315272316e-07 -2.339750153623754159e-06
1.678199623711407185e-08 -2.603656241717544617e-07 -1.928093297465238720e-06
1.160394518251450791e-07 -1.857060993870618404e-07 -1.540823745926900301e-06
2.024171550374376238e-07 -1.174439674400673539e-07 -1.179786181637609843e-06
2.763646023140609032e-07 -5.566198879591865989e-08 -8.462966434308327734e-07
3.384283786544983741e-07 -3.550667537766116766e-10 -5.411867505245027132e-07
3.892355664447677555e-07 4.855937874026494683e-08 -2.648492340995289851e-07
4.294762163681298262e-07 9.123137800770564354e-08 -1.728563958636186726e-08
4.598876728323375573e-07 1.278687733474725974e-07 2.018500566691727727e-07
4.812402494280831888e-07 1.587281701631582109e-07 3.932063066258706385e-07
4.943250360156525858e-07 1.841060992546772468e-07 5.576897592618479393e-07
4.999403131478175055e-07 2.043308029442414409e-07 6.964286285437992774e-07
4.988826844964933116e-07 2.197545967419500812e-07 8.107284656944102608e-07
4.919367597722157370e-07 2.307470055029625655e-07 9.020388915814692155e-07
4.798673671757569537e-07 2.376880559040728258e-07 9.719193485580035485e-07
4.634124763924774015e-07 2.409629189514816971e-07 1.022006927087204531e-06
4.432776563589868601e-07 2.409558987892523874e-07 1.053987602972483728e-06
4.201311298857035581e-07 2.380469226181958220e-07 1.069569862011121586e-06
3.946001925214659423e-07 2.326064958424467477e-07 1.070464008989802096e-06
3.672682566957519157e-07 2.249930730613414198e-07 1.058357383953989483e-06
3.386729758858564310e-07 2.155497611511236755e-07 1.034899810292699840e-06
3.093049372182576917e-07 2.046018749979339191e-07 1.001687223833869211e-06
2.796074340949417092e-07 1.924554027254998800e-07 9.602478030501515605e-07
2.499762956631457200e-07 1.793952719708613586e-07 9.120325898948067334e-07
2.207608957860429655e-07 1.656845682873608894e-07 8.584062243244261481e-07
1.922651478025727556e-07 1.515636967042155447e-07 8.006406346794392448e-07
1.647491103540232871e-07 1.372502254071150674e-07 7.399108881145366468e-07
1.384309769036917714e-07 1.229388431056577247e-07 6.772911547159310430e-07
1.134892713139379339e-07 1.088017853589917650e-07 6.137548780316137709e-07
9.006530632404974313e-08 9.498916853090122459e-08 5.501732402990455739e-07
6.826568466067328700e-08 8.162989217908034334e-08 4.873177203990053385e-07
4.816518739403363725e-08 6.883244907385233091e-08 4.258615433627710445e-07
2.980946334218970151e-08 5.668603364483715268e-08 3.663833183509268565e-07
1.321783305030521660e-08 4.526168240204242466e-08 3.093708187407173682e-07
-1.613880251660759768e-09 3.461350672750995727e-08 2.552258138166507706e-07
-1.471050481427482737e-08 2.478003047201582376e-08 2.042688294068284449e-07
-2.611501415117345459e-08 1.578548136649260414e-08 1.567450738093612017e-07
-3.588568020518323465e-08 7.641183685791475000e-09 1.128299871311355673e-07
-4.409382725611976639e-08 3.469131371058864488e-10 7.263529511192245991e-08
-5.082127430000582535e-08 -6.107771177710219490e-09 3.621484268023777986e-08
-5.615824960614190786e-08 -1.174224539823853775e-08 3.570931106366970198e-09
-6.020128040518102353e-08 -1.658348480759741506e-08 -2.533997900400208891e-08
-6.305132416173364618e-08 -2.066493465235907934e-08 -5.060145014113004436e-08
-6.481203485009245924e-08 -2.402528664902092714e-08 -7.233126808614542824e-08
-6.558822462920943508e-08 -2.670747711874810193e-08 -9.067603201629026444e-08
-6.548444275722431485e-08 -2.875762383780511300e-08 -1.058062935044290498e-07
-6.460369661454024026e-08 -3.022415384634768998e-08 -1.179117177230182278e-07
-6.304647826027576230e-08 -3.115690105914836749e-08 -1.271962730697850930e-07
-6.090979098871684982e-08 -3.160635486665341887e-08 -1.338743231826811098e-07
-5.828640681215802033e-08 -3.162302775194802962e-08 -1.381670529099210398e-07
-5.526424118329487101e-08 -3.125677494608680718e-08 -1.402984963760900428e-07
-5.192581653545857989e-08 -3.055628639003771241e-08 -1.404931424531241646e-07
-4.834795319652585022e-08 -2.956868705439319456e-08 -1.389725525768881198e-07
-4.460144609197413956e-08 -2.833907153387826838e-08 -1.359535417577717453e-07
-4.075094395261658065e-08 -2.691025358103615872e-08 -1.316457201028242707e-07
-3.685486760218736890e-08 -2.532249077091819345e-08 -1.262501285737016588e-07
-3.296542061548279889e-08 -2.361329975997250585e-08 -1.199575763166649267e-07
-2.912870478155582532e-08 -2.181731417749688262e-08 -1.129476245864680095e-07
-2.538484622505166044e-08 -1.996621534772202722e-08 -1.053877198842201324e-07
-2.176820679267166270e-08 -1.808867899910637789e-08 -9.743257578520569950e-08
-1.830764517762872856e-08 -1.621038947519082285e-08 -8.922373950781548047e-08
-1.502680291309843597e-08 -1.435405749816709431e-08 -8.088944980499945814e-08
-1.194441612284435905e-08 -1.253951165125499756e-08 -7.254462985883947113e-08
-9.074668128050689120e-09 -1.078377742658176430e-08 -6.429106491623315378e-08
-6.427541165976435877e-09 -9.101209563766587962e-09 -5.621761545171466423e-08
-4.009168996788048389e-09 -7.503613730364122603e-09 -4.840072165279707406e-08
-1.822231809889274246e-09 -6.000413499407386553e-09 -4.090488303631900635e-08
1.336900451454070549e-10 -4.598796010668593226e-09 -3.378327662062474701e-08
1.861755083432115043e-09 -3.303897599948868447e-09 -2.707841595395166223e-08
3.367497614092940239e-09 -2.118977882048511674e-09 -2.082288297344803141e-08
4.658501140397675044e-09 -1.045592057380417828e-09 -1.504006164054771943e-08
5.744042130828574955e-09 -8.377015053850911386e-11 -9.744949736045782629e-09
6.634815807871063953e-09 7.678073732364509851e-10 -4.944923137628620680e-09
7.342609631422192251e-09 1.511630265405017326e-09 -6.405480590387924167e-10
7.880066377197181282e-09 2.151203437605886393e-09 3.173645568566030306e-09
8.260418127292723511e-09 2.690877742850261711e-09 6.508414696071440630e-09
8.497248238370502804e-09 3.135707471457749307e-09 9.379026444378268934e-09
8.604306600545896799e-09 3.491302580371780095e-09 1.180458841787412894e-08
8.595315570403272432e-09 3.763701794667895228e-09 1.380735081824013832e-08
8.483811875237279310e-09 3.959248040530383150e-09 1.541210359334854729e-08
8.282987629115723394e-09 4.084471427745484107e-09 1.664554005742502341e-08
8.005598850502337882e-09 4.146000431859420132e-09 1.753576484020413773e-08
7.663844669991703995e-09 4.150461752061573861e-09 1.811173078181127494e-08
7.269286061983848413e-09 4.104400819215925367e-09 1.840286323329110019e-08
6.832786780819333217e-09 4.014216958836414051e-09 1.843860530925667263e-08
6.364456073271185232e-09 3.886101218597559637e-09 1.824805906380788656e-08
5.873617592300206525e-09 3.725985298075329410e-09 1.785969949708032800e-08
5.368789857129740994e-09 3.539499360272202466e-09 1.730108323272361304e-08
4.857673818747798578e-09 3.331940279238665426e-09 1.659864423686485679e-08
4.347152859907055245e-09 3.108246326988250985e-09 1.577747354986058781e-08
3.843310558693247003e-09 2.872978965839934062e-09 1.486119671767482942e-08
3.351443789156860475e-09 2.630311746187885547e-09 1.387186099321979782e-08
2.876093363468612552e-09 2.384024089252534395e-09 1.282983586037289570e-08
2.421076672476374370e-09 2.137501509125172561e-09 1.175376596052046807e-08
1.989522768752749471e-09 1.893742274106102741e-09 1.066055776988150683e-08
1.583917996761385893e-09 1.655363068842063967e-09 9.565362724117676407e-09
1.206147404175794691e-09 1.424613649270156657e-09 8.481606528221163899e-09
8.575424259582575814e-10 1.203391941650977515e-09 7.421023351383837507e-09
5.389289570167932197e-10 9.932604738693839863e-10 6.393710449970058107e-09
2.506767848853286296e-10 7.954683578503818353e-10 5.408197445433415851e-09
-7.252510224320385390e-12 6.109717176627782464e-10 4.471520043125565280e-09
-2.352584238529686900e-10 4.404547560010740881e-10 3.589317509877787415e-09
-4.340567905103398516e-10 2.843552338038790595e-10 2.765917717084676042e-09
-6.046299572126656585e-10 1.428863832808602297e-10 2.004437948954773674e-09
-7.481881780790899938e-10 1.605961717776605013e-11 1.306891372898633108e-09
-8.661265038512055980e-10 -9.629005925937406118e-11 6.742851832441942861e-10
-9.599872008436705073e-10 -1.944838040612850705e-10 1.067303467827684926e-10
-1.031424501363176205e-09 -2.789760089605408666e-10 -3.964604200490384756e-10
-1.082171685595767485e-09 -3.503339007782102499e-10 -8.366715098517829574e-10
-1.114010550473665262e-09 -4.092169103575571398e-10 -1.215881395566498213e-09
-1.128745430456490340e-09 -4.563583677619220680e-10 -1.536577753924461831e-09
-1.128176108089462559e-09 -4.925487240292625302e-10 -1.801664151201975983e-09
-1.114080716568821572e-09 -5.186185370043006060e-10 -2.014382216586341201e-09
-1.088193202214426947e-09 -5.354244270172614506e-10 -2.178224267623818378e-09
-1.052189335659647895e-09 -5.438353656295191740e-10 -2.296871803864064532e-09
-1.007673389175067769e-09 -5.447212125808675864e-10 -2.374122010095902624e-09
-9.561657021706082560e-10 -5.389418356038788716e-10 -2.413832689285300148e-09
-8.990962974131377905e-10 -5.273376735281942729e-10 -2.419866973468742799e-09
-8.377957771976696222e-10 -5.107224643197127989e-10 -2.396049358921459316e-09
-7.734921592117416367e-10 -4.898758065863262345e-10 -2.346118854745782301e-09
-7.073074903551912485e-10 -4.655384411300644842e-10 -2.273697452537248864e-09
-6.402567365171307756e-10 -4.384073659657872213e-10 -2.182259706273725897e-09
-5.732480601317035962e-10 -4.091326166744124748e-10 -2.075106309007423988e-09
-5.070839304011087734e-10 -3.783149071789893014e-10 -1.955346107251898502e-09
-4.424636768085576932e-10 -3.465039088990096161e-10 -1.825881001948914673e-09
-3.799874026544358685e-10 -3.141978899279251891e-10 -1.689392625792152103e-09
-3.201597320590110485e-10 -2.818432431883621803e-10 -1.548338346424316114e-09
-2.633950835218001885e-10 -2.498354856328433016e-10 -1.404945493277409696e-09
-2.100230822588144974e-10 -2.185200492776928627e-10 -1.261212356773455667e-09
-1.602943472400752967e-10 -1.881941824599664415e-10 -1.118909853659033615e-09
-1.143866598662945933e-10 -1.591087955832293233e-10 -9.795870781204030209e-10
-7.241107019551051849e-11 -1.314707925859082138e-10 -8.445779631216510097e-10
-3.441847848395518383e-11 -1.054457701710198592e-10 -7.150099401442844282e-10
-4.058620301818083309e-13 -8.116066846364233811e-11 -5.918146528394174766e-10
2.967730922120992432e-11 -5.870685881870230105e-11 -4.757394478360765788e-10
5.592316193459012652e-11 -3.814304427862680313e-11 -3.673590320829589473e-10
7.845934318906344629e-11 -1.949828840053235979e-11 -2.670893783918160125e-10
9.744337281514248161e-11 -2.775344624256215198e-12 -1.752001599353292249e-10
1.130575147390011637e-10 1.204671085108799389e-11 -9.182934274098997207e-11
1.255034409730626521e-10 2.500907987645906161e-11 -1.699540161381740688e-11
1.349976241904471408e-10 3.617076430040278012e-11 4.938712633295594401e-11
1.417670980607965703e-10 4.560556446375763073e-11 1.074960953584280787e-10
1.460455090196433048e-10 5.339957989680677031e-11 1.575879843285221682e-10
1.480694455935349652e-10 5.964865407159791744e-11 1.999871657165641636e-10
1.480753158977776707e-10 6.445623201845052108e-11 2.350724337407683606e-10
1.462964888121476292e-10 6.793111212433089463e-11 2.632670470514852923e-10
1.429608376124491542e-10 7.018562814264939220e-11 2.850284452904361387e-10
1.382886305467678767e-10 7.133377916135330565e-11 3.008386872949131430e-10
1.324907128452679217e-10 7.148967529069238935e-11 3.111955415580069939e-10
1.257671883303501659e-10 7.076622621227102172e-11 3.166051865122199160e-10
1.183061426601739186e-10 6.927384360588817458e-11 3.175746055017469871e-10
1.102827620891311255e-10 6.711946970439086613e-11 3.146056193337187779e-10
1.018587575396523448e-10 6.440562666520932567e-11 3.081897237411368451e-10
9.318196908525422373e-11 6.122974349764831459e-11 2.988027880679311465e-10
8.438619247819190150e-11 5.768351768464796692e-11 2.869016690887349341e-10
7.559113057720168172e-11 5.385251272693736269e-11 2.729205472729034909e-10
6.690269171993890041e-11 4.981582507612714039e-11 2.572685120494355715e-10
5.841321176758285105e-11 4.564588290678628368e-11 2.403273968720753828e-10
5.020195370519786593e-11 4.140833162469270690e-11 2.224503498071683794e-10
4.233566969213953257e-11 3.716206162240887068e-11 2.039610841331196411e-10
3.486922903195299739e-11 3.295922909596349371e-11 1.851531428176400595e-10
2.784634155206244799e-11 2.884545553805129003e-11 1.662900234178366077e-10
2.130030700431273516e-11 2.485999427148666285e-11 1.476053862470294575e-10
1.525483732389698588e-11 2.103602535219462055e-11 1.293036372418399083e-10
9.724874551475526374e-12 1.740093659441388496e-11 1.115610173685332995e-10
4.717404418486115247e-12 1.397667398483903867e-11 9.452664345710459770e-11
2.323208357461747919e-13 1.078011638289133600e-11 7.832379189665061858e-11
-3.736768706963378150e-12 7.823427669584326338e-12 6.305149458096792614e-11
-7.201710582049880571e-12 5.114492163116324264e-12 4.878614526249158700e-11
-1.017908500544617567e-11 2.657285632853834123e-12 3.558310590623392500e-11
-1.268943197046956683e-11 4.522893290361679197e-13 2.347859753837333585e-11
-1.475652065818788827e-11 -1.503098860655693869e-12 1.249134216202429926e-11
-1.640671799807424946e-11 -3.214192367123613892e-12 2.624522994765232653e-12
-1.766836330019394552e-11 -4.688632728594432919e-12 -6.132605707975802289e-12
-1.857119666381912282e-11 -5.936035083614621399e-12 -1.380289719327132403e-11
-1.914584810136510384e-11 -6.967631333010260164e-12 -2.041965728449834927e-11
-1.942335528526406563e-11 -7.795953986533543656e-12 -2.602500159820664294e-11
-1.943475415322470923e-11 -8.434536055701435942e-12 -3.066842960142146524e-11
-1.921067645238583310e-11 -8.897630895954300456e-12 -3.440522866604567298e-11
-1.878107044883670085e-11 -9.199958503347538397e-12 -3.729526409923522579e-11
-1.817488000377398549e-11 -9.356472194244069840e-12 -3.940167289662177552e-11
-1.741983467196117630e-11 -9.382153040582430492e-12 -4.078972229426547358e-11
-1.654224847380536545e-11 -9.291828591273532112e-12 -4.152576546512243283e-11
-1.556687591330874199e-11 -9.100002001938278795e-12 -4.167635681007197945e-11
-1.451677233282877566e-11 -8.820726267455558656e-12 -4.130740888230732821e-11
-1.341323666720350971e-11 -8.467480189233711485e-12 -4.048346727292262415e-11
-1.227574552425947374e-11 -8.053079904313253934e-12 -3.926708264101463897e-11
-1.112193063340649601e-11 -7.589586945022652742e-12 -3.771830764387473778e-11
-9.967582315084655420e-12 -7.088270075061853248e-12 -3.589424243943817316e-11
-8.826667695360779220e-12 -6.559540237371930260e-12 -3.384871549716450545e-11
-7.711381012909246380e-12 -6.012939712113363200e-12 -3.163198175615278274e-11
-6.632194793354528883e-12 -5.457120866303455387e-12 -2.929055956113479908e-11
-5.597934876061527731e-12 -4.899846587497203032e-12 -2.686707627208573257e-11
-4.615864548224157815e-12 -4.347999391085544119e-12 -2.440022836558419783e-11
-3.691779520975657647e-12 -3.807600068572725149e-12 -2.192474500561925055e-11
-2.830107459148023530e-12 -3.283836093673220269e-12 -1.947145396308247456e-11
-2.034008595233616212e-12 -2.781092413653429851e-12 -1.706734926998354496e-11
-1.305489679033489114e-12 -2.302995034259014417e-12 -1.473570050702921463e-11
-6.455125605049627513e-13 -1.852453954120925061e-12 -1.249622280652396000e-11
-5.409728383570094890e-14 -1.431709134927516835e-12 -1.036523557956803288e-11
4.695571730918557396e-13 -1.042383085229914297e-12 -8.355859407171983833e-12
9.269815817725124418e-13 -6.855325226755304424e-13 -6.478238518542456248e-12
1.320326443662867000e-12 -3.617006867628891342e-13 -4.739757631516683389e-12
1.652265672370811789e-12 -7.096851318416641519e-14 -3.145264214007847947e-12
1.925901929253348577e-12 1.869886217436070308e-13 -1.697315682100408729e-12
2.144682435117895025e-12 4.128539415719501005e-13 -3.964029354330128596e-13
2.312317438218913779e-12 6.076196945765943713e-13 7.588085975535063810e-13
2.432702260121710758e-12 7.725361149402143468e-13 1.771251006109364479e-12
2.509853219354041265e-12 9.090675803270775734e-13 2.645241230919692654e-12
2.547840627711850381e-12 1.018853946523068377e-12 3.386262624471836347e-12
2.550737615916731649e-12 1.103666095146615955e-12 4.000768900197515521e-12
2.522567441390344278e-12 1.165370317607328232e-12 4.495995589715029439e-12
2.467263589614465680e-12 1.205897144293532897e-12 4.879769331667116461e-12
2.388630959693216482e-12 1.227207246413952735e-12 5.160357818140282049e-12
2.290314856170927449e-12 1.231267041448824706e-12 5.346318440041519793e-12
2.175777353424779292e-12 1.220022563877543043e-12 5.446355172411543322e-12
2.048275394780918468e-12 1.195379624278902764e-12 5.469203215313633848e-12
1.910843878960566400e-12 1.159185269473950175e-12 5.423515369445963685e-12
1.766286878042422348e-12 1.113211411073178336e-12 5.317767493712155513e-12
1.617170698568759502e-12 1.059143332933498716e-12 5.160181743707470403e-12
1.465819436316517788e-12 9.985688491365163344e-13 4.958655448056292769e-12
1.314314867877086623e-12 9.329702808924533741e-13 4.720697357324388221e-12
1.164500028523474118e-12 8.637190355292867494e-13 4.453388179059825092e-12
1.017984524800952251e-12 7.920719744154702813e-13 4.163344582280847916e-12
8.761520155220470230e-13 7.191695698162414718e-13 3.856690574538523819e-12
7.401696985355477043e-13 6.460352543723180130e-13 3.539041889405458718e-12
6.109988274875799430e-13 5.735771016132651390e-13 3.215497312858417445e-12
4.894081017184359617e-13 5.025897233112974760e-13 2.890637599076151254e-12
3.759856195915262100e-13 4.337583894495344872e-13 2.568527855684177297e-12
2.711529731216216765e-13 3.676628500346584838e-13 2.252731638383020929e-12
1.751797356263837258e-13 3.047832168937003594e-13 1.946323094012547550e-12
8.819723109395466443e-14 2.455048696888700865e-13 1.651907560393239827e-12
1.021377484677768802e-14 1.901255574417864969e-13 1.371645635614426872e-12
-5.887235414881591966e-14 1.388614023030074196e-13 1.107276596801209934e-12
-1.192578750596612336e-13 9.185392653736010327e-14 8.601466977911642608e-13
-1.712216794128723629e-13 4.917740138179159393e-14 6.312395267951687039e-13
-2.151118232108714667e-13 1.084486690852487153e-14 4.212054424863886926e-13
-2.513333508327719734e-13 -2.318437258039089677e-14 2.303918232408885824e-13
-2.803371413045291360e-13 -5.299809595631262138e-14 5.887387880812097740e-14
-3.026081989154771890e-13 -7.872456348921239022e-14 -9.351325730476769960e-14
-3.186573184141283654e-13 -1.005267646469326648e-13 -2.271469281113838723e-13
-3.290108528501700658e-13 -1.185959018707230528e-13 -3.425861211468067546e-13
-3.342028260036600251e-13 -1.331460712083315512e-13 -4.405448445279902536e-13
-3.347676953355249729e-13 -1.444090615317084048e-13 -5.218645069034189010e-13
-3.312338196694714076e-13 -1.526293739832762508e-13 -5.874901259916853746e-13
-3.241180381811231692e-13 -1.580598987197673333e-13 -6.384464354761143490e-13
-3.139203035972676359e-13 -1.609579440217667745e-13 -6.758168785876705886e-13
-3.011200230135235856e-13 -1.615815229012718124e-13 -7.007220866918351110e-13
-2.861724800271719937e-13 -1.601862089153915925e-13 -7.143038873065610250e-13
