1.699996530078351498e-03 1.739996485412120819e-02 3.489992767572402954e-02
-2.239626832306385040e-02 -6.696457043290138245e-03 1.080332510173320770e-02
-4.649228230118751526e-02 -3.079262748360633850e-02 -1.329302322119474411e-02
-7.058805227279663086e-02 -5.488855764269828796e-02 -3.738913312554359436e-02
-9.468358010053634644e-02 -7.898424565792083740e-02 -6.148499250411987305e-02
-1.187788695096969604e-01 -1.030796915292739868e-01 -8.558062463998794556e-02
-1.428738981485366821e-01 -1.257246881723403931e-01 -1.096760034561157227e-01
-1.669686734676361084e-01 -1.454653143882751465e-01 -1.337711364030838013e-01
-1.910632103681564331e-01 -1.625885963439941406e-01 -1.578660011291503906e-01
-2.151574939489364624e-01 -1.773539036512374878e-01 -1.819606274366378784e-01
-2.392515242099761963e-01 -1.899944096803665161e-01 -2.060550153255462646e-01
-2.633453309535980225e-01 -2.007190734148025513e-01 -2.301491498947143555e-01
-2.874388694763183594e-01 -2.097145169973373413e-01 -2.542430460453033447e-01
-3.111040592193603516e-01 -2.171470969915390015e-01 -2.783366739749908447e-01
-3.298822641372680664e-01 -2.231636643409729004e-01 -3.024300634860992432e-01
-3.441088497638702393e-01 -2.278787046670913696e-01 -3.265232145786285400e-01
-3.540935218334197998e-01 -2.313709408044815063e-01 -3.506160974502563477e-01
-3.601278960704803467e-01 -2.336903363466262817e-01 -3.747088015079498291e-01
-3.624916672706604004e-01 -2.348652929067611694e-01 -3.988012373447418213e-01
-3.614587187767028809e-01 -2.349088042974472046e-01 -4.228934347629547119e-01
-3.573015630245208740e-01 -2.338244467973709106e-01 -4.469853937625885010e-01
-3.502939939498901367e-01 -2.316120862960815430e-01 -4.710770845413208008e-01
-3.407145738601684570e-01 -2.282725125551223755e-01 -4.913148880004882812e-01
-3.288424015045166016e-01 -2.238149940967559814e-01 -5.050258636474609375e-01
-3.149546384811401367e-01 -2.182642370462417603e-01 -5.125712156295776367e-01
-2.993278205394744873e-01 -2.116633802652359009e-01 -5.143355131149291992e-01
-2.822393774986267090e-01 -2.040743529796600342e-01 -5.107333064079284668e-01
-2.639675140380859375e-01 -1.955770254135131836e-01 -5.022107362747192383e-01
-2.447894066572189331e-01 -1.862676143646240234e-01 -4.892442524433135986e-01
-2.249778807163238525e-01 -1.762560009956359863e-01 -4.723355174064636230e-01
-2.047977000474929810e-01 -1.656625270843505859e-01 -4.520049095153808594e-01
-1.845014095306396484e-01 -1.546146124601364136e-01 -4.287825524806976318e-01
-1.643256396055221558e-01 -1.432427614927291870e-01 -4.046819508075714111e-01
-1.444875895977020264e-01 -1.316771805286407471e-01 -3.805816173553466797e-01
-1.251826733350753784e-01 -1.200446411967277527e-01 -3.564815223217010498e-01
-1.065821126103401184e-01 -1.084658280014991760e-01 -3.323816657066345215e-01
-8.883151412010192871e-02 -9.705328196287155151e-02 -3.082820773124694824e-01
-7.205070555210113525e-02 -8.590964972972869873e-02 -2.841827273368835449e-01
-5.633403733372688293e-02 -7.512646913528442383e-02 -2.600836157798767090e-01
-4.175159707665443420e-02 -6.478323787450790405e-02 -2.359847724437713623e-01
-2.835065498948097229e-02 -5.494701862335205078e-02 -2.118861675262451172e-01
-1.615765877068042755e-02 -4.567231237888336182e-02 -1.877877861261367798e-01
-5.180331412702798843e-03 -3.700132668018341064e-02 -1.636896580457687378e-01
4.590090364217758179e-03 -2.896436490118503571e-02 -1.395917683839797974e-01
1.317661069333553314e-02 -2.158056385815143585e-02 -1.154941245913505554e-01
2.061428129673004150e-02 -1.485870592296123505e-02 -9.139671176671981812e-02
2.694810368120670319e-02 -8.798208087682723999e-03 -6.729952245950698853e-02
3.223107010126113892e-02 -3.390140132978558540e-03 -4.320258647203445435e-02
3.652239963412284851e-02 1.381696667522192001e-03 -1.910590380430221558e-02
3.988588973879814148e-02 5.539681762456893921e-03 2.557460218667984009e-03
4.238878935575485229e-02 9.110725484788417816e-03 2.169114537537097931e-02
4.410069808363914490e-02 1.212498359382152557e-02 3.835991024971008301e-02
4.509244114160537720e-02 1.461512222886085510e-02 5.265011265873908997e-02
4.543505609035491943e-02 1.661570928990840912e-02 6.466609239578247070e-02
4.519902169704437256e-02 1.816261745989322662e-02 7.452677935361862183e-02
4.445345699787139893e-02 1.929253153502941132e-02 8.236271888017654419e-02
4.326549917459487915e-02 2.004246599972248077e-02 8.831311017274856567e-02
4.169983416795730591e-02 2.044936083257198334e-02 9.252341836690902710e-02
3.981819003820419312e-02 2.054971083998680115e-02 9.514294564723968506e-02
3.767900168895721436e-02 2.037921361625194550e-02 9.632270783185958862e-02
3.533712401986122131e-02 1.997251436114311218e-02 9.621359407901763916e-02
3.284357115626335144e-02 1.936293393373489380e-02 9.496457874774932861e-02
3.024537116289138794e-02 1.858224719762802124e-02 9.272130578756332397e-02
2.758548408746719360e-02 1.766051165759563446e-02 8.962459117174148560e-02
2.490270510315895081e-02 1.662590913474559784e-02 8.580952882766723633e-02
2.223170548677444458e-02 1.550466660410165787e-02 8.140438795089721680e-02
1.960306242108345032e-02 1.432094071060419083e-02 7.652983069419860840e-02
1.704335398972034454e-02 1.309679821133613586e-02 7.129840552806854248e-02
1.457531005144119263e-02 1.185218431055545807e-02 6.581409275531768799e-02
1.221794169396162033e-02 1.060493476688861847e-02 6.017194315791130066e-02
9.986758232116699219e-03 9.370814077556133270e-03 5.445802211761474609e-02
7.893973961472511292e-03 8.163555525243282318e-03 4.874937236309051514e-02
5.948731210082769394e-03 6.994941271841526031e-03 4.311407729983329773e-02
4.157344810664653778e-03 5.874889437109231949e-03 3.761151432991027832e-02
2.523549832403659821e-03 4.811550490558147430e-03 3.229257464408874512e-02
1.048754202201962471e-03 3.811419242992997169e-03 2.720009163022041321e-02
-2.677081211004406214e-04 2.879445441067218781e-03 2.236920781433582306e-02
-1.428332529030740261e-03 2.019161591306328773e-03 1.782784238457679749e-02
-2.437200862914323807e-03 1.232805894687771797e-03 1.359719876199960709e-02
-3.299747826531529427e-03 5.214452976360917091e-04 9.692281484603881836e-03
-4.022539127618074417e-03 -1.148967276094481349e-04 6.122435908764600754e-03
-4.613060038536787033e-03 -6.771183689124882221e-04 2.891894197091460228e-03
-5.079526454210281372e-03 -1.166920876130461693e-03 3.051239332307886798e-07
-5.430688615888357162e-03 -1.586692174896597862e-03 -2.556720050051808357e-03
-5.675672553479671478e-03 -1.939397770911455154e-03 -4.787092562764883041e-03
-5.823825020343065262e-03 -2.228477736935019493e-03 -6.701741367578506470e-03
-5.884578451514244080e-03 -2.457747701555490494e-03 -8.314131759107112885e-03
-5.867321044206619263e-03 -2.631308510899543762e-03 -9.639809839427471161e-03
-5.781297106295824051e-03 -2.753465902060270309e-03 -1.069597527384757996e-02
-5.635505542159080505e-03 -2.828651340678334236e-03 -1.150108315050601959e-02
-5.438623949885368347e-03 -2.861353568732738495e-03 -1.207448076456785202e-02
-5.198938772082328796e-03 -2.856058999896049500e-03 -1.243606302887201309e-02
-4.924296867102384567e-03 -2.817194908857345581e-03 -1.260597351938486099e-02
-4.622053354978561401e-03 -2.749088453128933907e-03 -1.260434370487928391e-02
-4.299046471714973450e-03 -2.655917312949895859e-03 -1.245102938264608383e-02
-3.961575217545032501e-03 -2.541682915762066841e-03 -1.216542162001132965e-02
-3.615380963310599327e-03 -2.410179702565073967e-03 -1.176627073436975479e-02
-3.265647683292627335e-03 -2.264972310513257980e-03 -1.127151492983102798e-02
-2.917000558227300644e-03 -2.109381370246410370e-03 -1.069817971438169479e-02
-2.573516452684998512e-03 -1.946470234543085098e-03 -1.006226148456335068e-02
-2.238740213215351105e-03 -1.779036945663392544e-03 -9.378656744956970215e-03
-1.915698638185858727e-03 -1.609611790627241135e-03 -8.661122061312198639e-03
-1.606929115951061249e-03 -1.440457883290946484e-03 -7.922224700450897217e-03
-1.314501976594328880e-03 -1.273574074730277061e-03 -7.173344492912292480e-03
-1.040052273310720921e-03 -1.110701821744441986e-03 -6.424655672162771225e-03
-7.848079549148678780e-04 -9.533329284749925137e-04 -5.685157608240842819e-03
-5.496240337379276752e-04 -8.027220028452575207e-04 -4.962698556482791901e-03
-3.350145707372575998e-04 -6.598969921469688416e-04 -4.264011513441801071e-03
-1.411862758686766028e-04 -5.256740259937942028e-04 -3.594766138121485710e-03
3.192855365341529250e-05 -4.006715316791087389e-04 -2.959619276225566864e-03
1.846394734457135201e-04 -2.853257756214588881e-04 -2.362279687076807022e-03
3.174662124365568161e-04 -1.799066085368394852e-04 -1.805572304874658585e-03
4.311078228056430817e-04 -8.453333430225029588e-05 -1.291504013352096081e-03
5.264139035716652870e-04 8.092540042525797617e-07 -8.213366963900625706e-04
6.043566390872001648e-04 7.625515718245878816e-05 -3.956570872105658054e-04
6.660051876679062843e-04 1.420419575879350305e-04 -1.444793451810255647e-05
7.125011179596185684e-04 1.984958653338253498e-04 3.228415735065937042e-04
7.450367556884884834e-04 2.460177056491374969e-04 6.172280409373342991e-04
7.648348691873252392e-04 2.850692544598132372e-04 8.701269980520009995e-04
7.731297519057989120e-04 3.161609347444027662e-04 1.083290437236428261e-03
7.711518555879592896e-04 3.398398112040013075e-04 1.258746022358536720e-03
7.601134129799902439e-04 3.566789382603019476e-04 1.398741733282804489e-03
7.411950500681996346e-04 3.672672319225966930e-04 1.505692838691174984e-03
7.155361818149685860e-04 3.722009132616221905e-04 1.582132303155958652e-03
6.842253496870398521e-04 3.720751847140491009e-04 1.630668761208653450e-03
6.482935859821736813e-04 3.674772160593420267e-04 1.653944957070052624e-03
6.087081274017691612e-04 3.589803527574986219e-04 1.654602703638374805e-03
5.663685733452439308e-04 3.471380623523145914e-04 1.635249587707221508e-03
5.221035098657011986e-04 3.324805584270507097e-04 1.598433824256062508e-03
4.766687343362718821e-04 3.155103477183729410e-04 1.546618994325399399e-03
4.307469935156404972e-04 2.966997853945940733e-04 1.482164370827376842e-03
3.849478962365537882e-04 2.764885139185935259e-04 1.407308154739439487e-03
3.398088738322257996e-04 2.552822406869381666e-04 1.324155251495540142e-03
2.957975084427744150e-04 2.334518794668838382e-04 1.234667957760393620e-03
2.533135120756924152e-04 2.113327063852921128e-04 1.140656415373086929e-03
2.126919862348586321e-04 1.892248110380023718e-04 1.043776748701930046e-03
1.742069580359384418e-04 1.673933293204754591e-04 9.455279796384274960e-04
1.380748435622081161e-04 1.460694911656901240e-04 8.472519693896174431e-04
1.044588570948690176e-04 1.254515664186328650e-04 7.501361542381346226e-04
7.347292557824403048e-05 1.057064073393121362e-04 6.552163395099341869e-04
4.518611603998579085e-05 8.697103476151823997e-05 5.633821128867566586e-04
1.962700844160281122e-05 6.935444980626925826e-05 4.753828397952020168e-04
-3.211989906048984267e-06 5.293952563079074025e-05 3.918352595064789057e-04
-2.337036130484193563e-05 3.778509926632978022e-05 3.132309066131711006e-04
-4.091531445737928152e-05 2.392799069639295340e-05 2.399451332166790962e-04
-5.593779133050702512e-05 1.138514562626369298e-05 1.722456217976287007e-04
-6.854856474092230201e-05 1.556876725317124510e-07 1.103018366848118603e-04
-7.887468382250517607e-05 -9.776973456609994173e-06 5.419433728093281388e-05
-8.705601794645190239e-05 -1.844313919718842953e-05 3.923991698684403673e-06
-9.324209531769156456e-05 -2.588487404864281416e-05 -4.057871774421073496e-05
-9.758920350577682257e-05 -3.215412289137020707e-05 -7.944479148136451840e-05
-1.002576755126938224e-04 -3.731096512638032436e-05 -1.128579606302082539e-04
-1.014095323625952005e-04 -4.142191392020322382e-05 -1.410464028595015407e-04
-1.012063148664310575e-04 -4.455841553863137960e-05 -1.642748538870364428e-04
-9.980722097679972649e-05 -4.679537960328161716e-05 -1.828372624004259706e-04
-9.736746869748458266e-05 -4.820988760911859572e-05 -1.970496377907693386e-04
-9.403680451214313507e-05 -4.888002149527892470e-05 -2.072439383482560515e-04
-8.995842654258012772e-05 -4.888380499323830009e-05 -2.137621486326679587e-04
-8.526796591468155384e-05 -4.829825411434285343e-05 -2.169509098166599870e-04
-8.009273005882278085e-05 -4.719859134638682008e-05 -2.171569649362936616e-04
-7.455112790921702981e-05 -4.565752897178754210e-05 -2.147228660760447383e-04
-6.875234976178035140e-05 -4.374468335299752653e-05 -2.099832636304199696e-04
-6.279595982050523162e-05 -4.152610563323833048e-05 -2.032620541285723448e-04
-5.677197987097315490e-05 -3.906387792085297406e-05 -1.948693388840183616e-04
-5.076080924482084811e-05 -3.641585135483182967e-05 -1.850995904533192515e-04
-4.483338852878659964e-05 -3.363540963619016111e-05 -1.742298336466774344e-04
-3.905143967131152749e-05 -3.077138171647675335e-05 -1.625182776479050517e-04
-3.346779703861102462e-05 -2.786791628750506788e-05 -1.502033846918493509e-04
-2.812679304042831063e-05 -2.496457273082341999e-05 -1.375032734358683228e-04
-2.306471833435352892e-05 -2.209629928984213620e-05 -1.246155879925936460e-04
-1.831029294407926500e-05 -1.929360405483748764e-05 -1.117172578233294189e-04
-1.388521741318982095e-05 -1.658266774029470980e-05 -9.896490519167855382e-05
-9.804703950067050755e-06 -1.398553013132186607e-05 -8.649531810078769922e-05
-6.078062142478302121e-06 -1.152032200479879975e-05 -7.442599599016830325e-05
-2.709257387323305011e-06 -9.201478860632050782e-06 -6.285606650635600090e-05
3.025141097623418318e-07 -7.040010132186580449e-06 -5.186714406590908766e-05
2.962264488814980723e-06 -5.043751116318162531e-06 -4.152443580096587539e-05
5.278667686070548370e-06 -3.217642870367853902e-06 -3.187780748703517020e-05
7.263531188073102385e-06 -1.564003014209447429e-06 -2.296294951520394534e-05
8.931291631597559899e-06 -8.280531460513884667e-08 -1.480263472330989316e-05
1.029853137879399583e-05 1.228052383339672815e-06 -7.407892098854063079e-06
1.138354400609387085e-05 2.372480821577482857e-06 -7.792643827997380868e-07
1.220590274897404015e-05 3.355943135829875246e-06 5.092005721962777898e-06
1.278607942367671058e-05 4.185210855212062597e-06 1.022278502205153927e-05
1.314509790972806513e-05 4.868129053647862747e-06 1.463690841774223372e-05
1.330421582679264247e-05 5.413397957454435527e-06 1.836409319366794080e-05
1.328463440586347133e-05 5.830371264892164618e-06 2.143889832950662822e-05
1.310726838710252196e-05 6.128865607024636120e-06 2.389973633398767561e-05
1.279249681829242036e-05 6.318989107967354357e-06 2.578797648311592638e-05
1.236001389770535752e-05 6.410986316041089594e-06 2.714710171858314425e-05
1.182864252768922597e-05 6.415099505829857662e-06 2.802194649120792747e-05
1.121622244681930169e-05 6.341448170132935047e-06 2.845798007911071181e-05
1.053950836649164557e-05 6.199912604643031955e-06 2.850070814020000398e-05
9.814088116399943829e-06 6.000051143928430974e-06 2.819512155838310719e-05
9.054337169800419360e-06 5.751017397415125743e-06 2.758518712653312832e-05
8.273381354229059070e-06 5.461500677483854815e-06 2.671345282578840852e-05
7.483083663828438148e-06 5.139670520293293521e-06 2.562070221756584942e-05
6.694043804600369185e-06 4.793143943970790133e-06 2.434567613818217069e-05
5.915624115004902706e-06 4.428951797308400273e-06 2.292481622134801000e-05
5.155972303327871487e-06 4.053524662595009431e-06 2.139210300811100751e-05
4.422071469889488071e-06 3.672686943900771439e-06 1.977895408344920725e-05
3.719785354405757971e-06 3.291652319603599608e-06 1.811409674701280892e-05
3.053917453144094907e-06 2.915033519457210787e-06 1.642358256503939629e-05
2.428278321531252004e-06 2.546858695495757274e-06 1.473073734814533964e-05
1.845751853579713497e-06 2.190585973949055187e-06 1.305623209191253409e-05
1.308369519392726943e-06 1.849131308517826255e-06 1.141811480920296162e-05
8.173839205483091064e-07 1.524894514659536071e-06 9.831916031544096768e-06
3.733437097253045067e-07 1.219790874529280700e-06 8.310740668093785644e-06
-2.383141328721194441e-08 9.352827419206732884e-07 6.865393061161739752e-06
-3.747772723272646545e-07 6.724155241499829572e-07 5.504516138898907229e-06
-6.806130841141566634e-07 4.318533513014699565e-07 4.234736479702405632e-06
-9.428721341464552097e-07 2.139144328339170897e-07 3.060814606214989908e-06
-1.163435285889136139e-06 1.860756704274990625e-08 1.985804829018888995e-06
-1.344468159913958516e-06 -1.543320422570104711e-07 1.011218728308449499e-06
-1.488362386226071976e-06 -3.054080082165455678e-07 1.371820417261915281e-07
-1.597679897713533137e-06 -4.353291558345517842e-07 -6.374057761604490224e-07
-1.675103248999221250e-06 -5.449772402243979741e-07 -1.314715859734860715e-06
-1.723389232211047783e-06 -6.353760682031861506e-07 -1.897840093079139479e-06
-1.745326244417810813e-06 -7.076632186908682343e-07 -2.390647978245397098e-06
-1.743697680467448663e-06 -7.630629852428683080e-07 -2.797648676278186031e-06
-1.721249077490938362e-06 -8.028610523069801275e-07 -3.123864189547020942e-06
-1.680659920566540677e-06 -8.283825536636868492e-07 -3.374709422132582404e-06
-1.624516585252422374e-06 -8.409713814216956962e-07 -3.555879629857372493e-06
-1.555295398247835692e-06 -8.419721098107402213e-07 -3.673251740110572428e-06
-1.475342401136003900e-06 -8.327128853125032037e-07 -3.732791810762137175e-06
-1.386862550134537742e-06 -8.144922389874409419e-07 -3.740471356650232337e-06
-1.291908688472176436e-06 -7.885661261752829887e-07 -3.702197545862873085e-06
-1.192373019875958562e-06 -7.561382631138258148e-07 -3.623746124503668398e-06
-1.089984834834467620e-06 -7.183512593655905221e-07 -3.510710030241170898e-06
-9.863078958005644381e-07 -6.762804218851670157e-07 -3.368450734342331998e-06
-8.827406645650626160e-07 -6.309281843641656451e-07 -3.202064135621185414e-06
-7.805176096553623211e-07 -5.832202418787346687e-07 -3.016344635398127139e-06
-6.807151748944306746e-07 -5.340041866475075949e-07 -2.815767174979555421e-06
-5.842557584401220083e-07 -4.840473479816864710e-07 -2.604465407785028219e-06
-4.919147613691166043e-07 -4.340371617672644788e-07 -2.386226469752728008e-06
-4.043285173338517779e-07 -3.845824210202408722e-07 -2.164482566513470374e-06
-3.220021653760340996e-07 -3.362147253938019276e-07 -1.942310063896002248e-06
-2.453191427775891498e-07 -2.893910959755885415e-07 -1.722435627016238868e-06
-1.745505784356282675e-07 -2.444970732540241443e-07 -1.507242131992825307e-06
-1.098650130870737485e-07 -2.018502840428482159e-07 -1.298781626246636733e-06
-5.133805913715150382e-08 -1.617046052615478402e-07 -1.098786015063524246e-06
1.037471997200611895e-09 -1.242544556134816958e-07 -9.086859336093766615e-07
4.734212311063856760e-08 -8.963920805626912625e-08 -7.296272883650090080e-07
8.772023107894710847e-08 -5.794800017611123621e-08 -5.624901859846431762e-07
1.223708494535458158e-07 -2.922440955899219261e-08 -4.079091411313129356e-07
1.515390550821393845e-07 -3.471239296004569042e-09 -2.662942790720990160e-07
1.755075373921499704e-07 1.934482796173142560e-08 -1.378518987849020050e-07
1.945889636090214481e-07 3.928864700242229446e-08 -2.260585851843188721e-08
2.091187809583061608e-07 5.645216205607539450e-08 7.958177405953392736e-08
2.194484665096751996e-07 7.095020038150323671e-08 1.689903399437753251e-07
2.259393596659720060e-07 8.291640085644758074e-08 2.460207895182975335e-07
2.289572904601300252e-07 9.249944810107990634e-08 3.111769899533101125e-07
2.288675489126035245e-07 9.985958371316883131e-08 3.650472990557318553e-07
2.260308349377737613e-07 1.051652276373715722e-07 4.082881162048579426e-07
2.207989808766797069e-07 1.085900933617267583e-07 4.416080798819166375e-07
2.135120951152202906e-07 1.103105304878226889e-07 4.657532883811654756e-07
2.044956914915019297e-07 1.105028957226750208e-07 4.814941121367155574e-07
1.940584297699388117e-07 1.093416557296222891e-07 4.896130576526047662e-07
1.824903961278323550e-07 1.069973620815289905e-07 4.908939672532142140e-07
1.700617957567374106e-07 1.036351449101857725e-07 4.861125830757373478e-07
1.570219012592133367e-07 9.941324208284640918e-08 4.760274237014527898e-07
1.435985979014731129e-07 9.448194759897887707e-08 4.613735598013590788e-07
1.299978578117588768e-07 8.898273762270036968e-08 4.428559350344585255e-07
1.164041592005560233e-07 8.304755994004153763e-08 4.211447901525389170e-07
1.029804153063196281e-07 7.679835078988617170e-08 3.968709449964080704e-07
8.986869204363756580e-08 7.034670090888539562e-08 3.706234679157205392e-07
7.719089012425683904e-08 6.379379158261144767e-08 3.429467483329062816e-07
6.504952665409291512e-08 5.723028806414731662e-08 3.143395588267594576e-07
5.352887200160694192e-08 5.073647102449285740e-08 2.852541740594460862e-07
4.269590547778534528e-08 4.438253853322748910e-08 2.560964560416323366e-07
3.260161562934627000e-08 3.822884053761299583e-08 2.272259820301769651e-07
2.328215487068518996e-08 3.232636913708120119e-08 1.989573661376198288e-07
1.476018951507285237e-08 2.671717602709122730e-08 1.715616093633798300e-07
7.046150329870215501e-09 2.143492316974970890e-08 1.452677480529018794e-07
1.395172311013936906e-10 1.650542635900364985e-08 1.202651276344113285e-07
-5.969891692103601599e-09 1.194727605735579345e-08 9.670564793395897141e-08
-1.130068660870620079e-08 7.772435139941080706e-09 7.470622165328677511e-08
-1.587870457342432928e-08 3.986862839866489594e-09 5.435145666865537351e-08
-1.973586805092963914e-08 5.911415246195872442e-10 3.569634188238524075e-08
-2.290908440727434936e-08 -2.418912181667565164e-09 1.876903255038087082e-08
-2.543924004783093551e-08 -5.051643103826108927e-09 3.573605411588687275e-09
-2.737022697374413838e-08 -7.318978312298440869e-09 -9.907188847080306005e-09
-2.874809190700489125e-08 -9.235866293977323949e-09 -2.170927260181088059e-08
-2.962021738994735642e-08 -1.081974865257961937e-08 -3.188462827097282570e-08
-3.003459170258793165e-08 -1.209006406099888409e-08 -4.049883983725521830e-08
-3.003917470323358430e-08 -1.306777619447530014e-08 -4.762868144325693720e-08
-2.968131340708168864e-08 -1.377495006948947776e-08 -5.335997244060308731e-08
-2.900724460630499379e-08 -1.423436479797146603e-08 -5.778541378731461009e-08
-2.806165966262597067e-08 -1.446913699965080013e-08 -6.100275840026370133e-08
-2.688736522316048649e-08 -1.450243036771325933e-08 -6.311296374406083487e-08
-2.552496525254355220e-08 -1.435714214181871284e-08 -6.421871034945070278e-08
-2.401262833018336096e-08 -1.405568461620987364e-08 -6.442284927743457956e-08
-2.238591712000470579e-08 -1.361975154878791727e-08 -6.382720130204688758e-08
-2.067766224911338213e-08 -1.307015384810483738e-08 -6.253142004197798087e-08
-1.891787526631105720e-08 -1.242665526035580115e-08 -6.063215352014594828e-08
-1.713372554945635784e-08 -1.170787466975298230e-08 -5.822207072014862206e-08
-1.534952254189647647e-08 -1.093117774075835769e-08 -5.538928959936129104e-08
-1.358676993135077282e-08 -1.011262451555694497e-08 -5.221684773459855933e-08
-1.186422515786489384e-08 -9.266918787886879727e-09 -4.878226889104553265e-08
-1.019798556711748461e-08 -8.407388563114182034e-09 -4.515722906717201113e-08
-8.601617196291044820e-09 -7.545988722768015577e-09 -4.140745701874948281e-08
-7.086271125444909558e-09 -6.693312570860143751e-09 -3.759254951773982611e-08
-5.660832691489758872e-09 -5.858625140575668411e-09 -3.376598911586370377e-08
-4.332075143054225919e-09 -5.049901830034286832e-09 -2.997524362058356928e-08
-3.104824397581751327e-09 -4.273884801619942664e-09 -2.626183359666356409e-08
-1.982125796828881903e-09 -3.536138493132057192e-09 -2.266155441077444266e-08
-9.654107513412668595e-10 -2.841125112951203846e-09 -1.920469827609849744e-08
-5.467003239001400061e-11 -2.192274806134264509e-09 -1.591632781128282659e-08
7.513821786986341067e-10 -1.592065590472202530e-09 -1.281656825113941522e-08
1.455143894268928761e-09 -1.042102182324811110e-09 -9.920944954444621544e-09
2.059968196022055054e-09 -5.431990968141064968e-10 -7.240737787128637137e-09
2.570012647140629269e-09 -9.546065327104003018e-11 -4.783315965539713943e-09
2.990095060440012276e-09 3.016370486719210930e-10 -2.552520639298450078e-09
3.325560937739169276e-09 6.491674420239235133e-10 -5.490128351937073603e-10
3.582155905235140381e-09 9.486770258249066501e-10 1.229360058196959926e-09
3.765911582576109140e-09 1.202112076548189634e-09 2.787213126964616094e-09
3.883038779406433605e-09 1.411748717927707730e-09 4.131285091801828457e-09
3.939835568900207363e-09 1.580127029221500834e-09 5.270111902433427531e-09
3.942595583339425502e-09 1.709991370724139870e-09 6.213713543701260278e-09
3.897533851215939649e-09 1.804231319901816732e-09 6.973302824064830929e-09
3.810726401098918359e-09 1.865832821579260781e-09 7.561014037094082596e-09
3.688048977323887812e-09 1.897829449148957792e-09 7.989645389727684233e-09
3.535128190179648300e-09 1.903259549962399433e-09 8.272438734024945006e-09
3.357304434459251752e-09 1.885130718193295252e-09 8.422851749401161214e-09
3.159600803215312226e-09 1.846386488146833926e-09 8.454386524192614161e-09
2.946698218764254307e-09 1.789878356639462709e-09 8.380414584507889231e-09
2.722920333653178204e-09 1.718342357293067835e-09 8.214032121145464771e-09
2.492220874117379026e-09 1.634378188342111571e-09 7.967929427366016171e-09
2.258180975545087676e-09 1.540435223823521937e-09 7.654296751979927649e-09
2.024005851808396983e-09 1.438799301922699669e-09 7.284721714739816889e-09
1.792532899891341458e-09 1.331585064434648302e-09 6.870128910207995432e-09
1.566238250205742588e-09 1.220729295425826422e-09 6.420721287980768466e-09
1.347249423133689561e-09 1.107988922832703338e-09 5.945941072837968022e-09
1.137359317837649542e-09 9.949404633502467732e-10 5.454441343033522571e-09
9.380448640072813760e-10 8.829813546995524121e-10 4.954078036689679720e-09
7.504837307159561988e-10 7.733343965199424019e-10 4.451905954994117565e-09
5.755762533254937807e-10 6.670533569952397102e-10 3.954184535359672736e-09
4.139661669011474032e-10 5.650293566361597186e-10 3.466395170903524559e-09
2.660622833161596645e-10 4.679990284195412187e-10 2.993265857398341723e-09
1.320612647015551033e-10 3.765540934619338032e-10 2.538800725204737319e-09
1.196931269376033669e-11 2.911499374924630956e-10 2.106316898675686389e-09
-9.437554904234701780e-11 2.121168518609550802e-10 1.698482132717060722e-09
-1.872822175119637222e-10 1.396700949340967668e-10 1.317359110686311396e-09
-2.671857735059290917e-10 7.392064044209334384e-11 9.644496312688488615e-10
-3.346276589155650072e-10 1.488596225451832566e-11 6.407421815346481253e-10
-3.902368150843216199e-10 -3.749940635788817644e-11 3.467588438610391677e-10
-4.347118776060199252e-10 -8.337344009623492980e-11 8.260338246746101731e-11
-4.688049948242678511e-10 -1.229366330957049058e-10 -1.519918635395356432e-10
-4.933063402212667370e-10 -1.564423313116236613e-10 -3.576197671328884553e-10
-5.090300958521254415e-10 -1.841874847086089062e-10 -5.351535881104041437e-10
-5.168022121360138499e-10 -2.065042165044772560e-10 -6.857039935859177149e-10
-5.174486394921018473e-10 -2.237515450698168706e-10 -8.105785487266814471e-10
-5.117859469550012363e-10 -2.363080564560249286e-10 -9.112428034363517781e-10
-5.006122738571150421e-10 -2.445649793791915272e-10 -9.892840990843865256e-10
-4.846997248009188297e-10 -2.489203843047960163e-10 -1.046379205504877064e-09
-4.647880968988715722e-10 -2.497728968098300584e-10 -1.084263012707253893e-09
-4.415798560142292217e-10 -2.475174787353040529e-10 -1.104701663479090712e-09
-4.157359456691267496e-10 -2.425409040274217887e-10 -1.109466740700781884e-09
-3.878726506645335803e-10 -2.352178452014186405e-10 -1.100313506974259781e-09
-3.585592933674774940e-10 -2.259078202282438497e-10 -1.078962252876181083e-09
-3.283167071543857674e-10 -2.149529720885112738e-10 -1.047080977478742625e-09
-2.976167090551484762e-10 -2.026755430151183646e-10 -1.006272065673385896e-09
-2.668820997531184958e-10 -1.893763618143751160e-10 -9.580601867398286231e-10
-2.364872186966238132e-10 -1.753339556875843641e-10 -9.038821358053894528e-10
-2.067589155441140747e-10 -1.608034122524415466e-10 -8.450808941518062056e-10
-1.779782710098487541e-10 -1.460162685207322397e-10 -7.828996895220541319e-10
-1.503824564874634007e-10 -1.311803582426662729e-10 -7.184786654512720361e-10
-1.241669267404432730e-10 -1.164800478292704611e-10 -6.528531604210741079e-10
-9.948782075941409175e-11 -1.020767984027948216e-10 -5.869530417257351473e-10
-7.646474425859750568e-11 -8.810976254158831011e-11 -5.216039267175176519e-10
-5.518352788613789528e-11 -7.469676266413927124e-11 -4.575294587638722987e-10
-3.569910686507249409e-11 -6.193531798537321720e-11 -3.953543603607556634e-10
-1.803837981761979847e-11 -4.990382065916953991e-11 -3.356079025795821735e-10
-2.203174708642618995e-12 -3.866277090147640649e-11 -2.787289565819861537e-10
1.182688148804178496e-11 -2.825618558577325246e-11 -2.250711700346741395e-10
2.409156381333321661e-11 -1.871292183708295198e-11 -1.749084210800333494e-10
3.464730238822433250e-11 -1.004809169896647703e-11 -1.284407719071012366e-10
4.356461372201358984e-11 -2.264480486804942849e-12 -8.580065824492777438e-11
5.092556584762597538e-11 4.646067384983521009e-12 -4.705910314206640521e-11
5.682149542551861998e-11 1.070128274188730799e-11 -1.223188477589287615e-11
6.135084107405930354e-11 1.592714848897003321e-11 1.871416910326217931e-11
6.461710333471870626e-11 2.035662957644568394e-11 4.585515994692812569e-11
6.672704749854929673e-11 2.402849100247017589e-11 6.930422902229338433e-11
6.778897582160325896e-11 2.698611473173073705e-11 8.920590655048243889e-11
6.791134321559866294e-11 2.927649442319157913e-11 1.057307436047594251e-10
6.720135559135087533e-11 3.094922582103087905e-11 1.190702814124477982e-10
6.576385269685403046e-11 3.205557347341070340e-11 1.294322427014549248e-10
6.370029503877105981e-11 3.264773867917014627e-11 1.370361879526882376e-10
6.110795897074083882e-11 3.277806845392028379e-11 1.421095324749543920e-10
5.807926015122255592e-11 3.249841368235806272e-11 1.448839104245536191e-10
5.470113251249131281e-11 3.185954972062532420e-11 1.455917469916911955e-10
5.105471254096549671e-11 3.091074271543980956e-11 1.444636216207939583e-10
4.721498192417072914e-11 2.969927082041579069e-11 1.417254646973731269e-10
4.325054550613494087e-11 2.827011021111491829e-11 1.375965313910043619e-10
3.922359659291885237e-11 2.666566446818396940e-11 1.322874032538834399e-10
3.518987184980559846e-11 2.492553732857949456e-11 1.259985588086820485e-10
3.119877273194404665e-11 2.308638523407235965e-11 1.189190967920694675e-10
2.729344354690521612e-11 2.118182539090351924e-11 1.112258340985050609e-10
2.351101778541586640e-11 1.924236811556845339e-11 1.030823759684551533e-10
1.988285230902775425e-11 1.729541683481716774e-11 9.463892863825762447e-11
