1.699996530078351498e-03 1.739996485412120819e-02 3.489992767572402954e-02
-2.239626832306385040e-02 6.318720523267984390e-03 1.080332696437835693e-02
-4.649228602647781372e-02 -4.288220778107643127e-03 -1.329302694648504257e-02
-7.058805972337722778e-02 -1.464645378291606903e-02 -3.738914430141448975e-02
-9.366750717163085938e-02 -2.491154335439205170e-02 -6.148501113057136536e-02
-1.150111854076385498e-01 -3.522475063800811768e-02 -8.558064699172973633e-02
-1.347877383232116699e-01 -4.565681889653205872e-02 -1.096760183572769165e-01
-1.531757563352584839e-01 -5.626563355326652527e-02 -1.337711364030838013e-01
-1.702514290809631348e-01 -6.709682941436767578e-02 -1.578660011291503906e-01
-1.861384212970733643e-01 -7.813266664743423462e-02 -1.819606274366378784e-01
-2.009037137031555176e-01 -8.936445415019989014e-02 -2.060550153255462646e-01
-2.146245986223220825e-01 -1.007285416126251221e-01 -2.301491498947143555e-01
-2.273319810628890991e-01 -1.122167631983757019e-01 -2.542430460453033447e-01
-2.390507012605667114e-01 -1.236950755119323730e-01 -2.783366739749908447e-01
-2.498567700386047363e-01 -1.350765377283096313e-01 -3.024300634860992432e-01
-2.596925199031829834e-01 -1.462426930665969849e-01 -3.265232145786285400e-01
-2.686306834220886230e-01 -1.570467352867126465e-01 -3.506160974502563477e-01
-2.766371369361877441e-01 -1.673443913459777832e-01 -3.709982633590698242e-01
-2.836645245552062988e-01 -1.768947243690490723e-01 -3.873837590217590332e-01
-2.896926999092102051e-01 -1.854738593101501465e-01 -3.997877836227416992e-01
-2.945743203163146973e-01 -1.928275227546691895e-01 -4.082318842411041260e-01
-2.981947064399719238e-01 -1.987407654523849487e-01 -4.127306938171386719e-01
-3.003960549831390381e-01 -2.030031532049179077e-01 -4.135319292545318604e-01
-3.010503649711608887e-01 -2.055358290672302246e-01 -4.108075499534606934e-01
-3.000139892101287842e-01 -2.062207609415054321e-01 -4.048031270503997803e-01
-2.971794903278350830e-01 -2.050484120845794678e-01 -3.957901597023010254e-01
-2.924582064151763916e-01 -2.019674628973007202e-01 -3.842755258083343506e-01
-2.857777476310729980e-01 -1.971033513545989990e-01 -3.706031739711761475e-01
-2.771663665771484375e-01 -1.905604600906372070e-01 -3.551295101642608643e-01
-2.667158246040344238e-01 -1.824931055307388306e-01 -3.382340073585510254e-01
-2.544976770877838135e-01 -1.731130182743072510e-01 -3.203172385692596436e-01
-2.407069355249404907e-01 -1.626544445753097534e-01 -3.017448484897613525e-01
-2.255678325891494751e-01 -1.513637006282806396e-01 -2.827582955360412598e-01
-2.093577384948730469e-01 -1.395124644041061401e-01 -2.636713385581970215e-01
-1.923750191926956177e-01 -1.273587048053741455e-01 -2.447334378957748413e-01
-1.749826967716217041e-01 -1.151687875390052795e-01 -2.261402308940887451e-01
-1.574682295322418213e-01 -1.031476333737373352e-01 -2.081188261508941650e-01
-1.401684284210205078e-01 -9.149566292762756348e-02 -1.908158361911773682e-01
-1.233582943677902222e-01 -8.039560168981552124e-02 -1.743464171886444092e-01
-1.073129847645759583e-01 -6.995882093906402588e-02 -1.588033586740493774e-01
-9.221807867288589478e-02 -6.027786806225776672e-02 -1.442559957504272461e-01
-7.822712510824203491e-02 -5.140620097517967224e-02 -1.307244300842285156e-01
-6.541729718446731567e-02 -4.337111860513687134e-02 -1.182191744446754456e-01
-5.384643003344535828e-02 -3.616118803620338440e-02 -1.067249625921249390e-01
-4.354579001665115356e-02 -2.974527701735496521e-02 -9.620734304189682007e-02
-3.444332256913185120e-02 -2.410554513335227966e-02 -8.662482351064682007e-02
-2.650455944240093231e-02 -1.918341219425201416e-02 -7.793654501438140869e-02
-1.966152526438236237e-02 -1.490493025630712509e-02 -7.006363570690155029e-02
-1.383537333458662033e-02 -1.122937165200710297e-02 -6.295667588710784912e-02
-8.902544155716896057e-03 -8.110731840133666992e-03 -5.654429271817207336e-02
-4.793270956724882126e-03 -5.466260015964508057e-03 -5.078560858964920044e-02
-1.405511400662362576e-03 -3.264259546995162964e-03 -4.561015591025352478e-02
1.359005691483616829e-03 -1.442749868147075176e-03 -4.097458720207214355e-02
3.553061513230204582e-03 5.877739386050961912e-05 -3.682149574160575867e-02
5.272482056170701981e-03 1.283197547309100628e-03 -3.311617672443389893e-02
6.595813669264316559e-03 2.257011132314801216e-03 -2.981184050440788269e-02
7.564467843621969223e-03 3.021874232217669487e-03 -2.683767490088939667e-02
8.237133733928203583e-03 3.592966357246041298e-03 -2.418174408376216888e-02
8.667998947203159332e-03 4.022255074232816696e-03 -2.181076630949974060e-02
8.920387364923954010e-03 4.305355716496706009e-03 -1.967960968613624573e-02
8.985316380858421326e-03 4.483400844037532806e-03 -1.777740009129047394e-02
8.943041786551475525e-03 4.578554071485996246e-03 -1.605873182415962219e-02
8.795198984444141388e-03 4.606414586305618286e-03 -1.454340014606714249e-02
8.560002781450748444e-03 4.570006858557462692e-03 -1.318329758942127228e-02
8.277012966573238373e-03 4.498136695474386215e-03 -1.196957845240831375e-02
7.949915714561939240e-03 4.375919234007596970e-03 -1.085692830383777618e-02
7.591769099235534668e-03 4.221701994538307190e-03 -9.872207418084144592e-03
7.205908186733722687e-03 4.040156956762075424e-03 -8.994061499834060669e-03
6.816962733864784241e-03 3.870986867696046829e-03 -8.200720883905887604e-03
6.431712768971920013e-03 3.689268836751580238e-03 -7.469922769814729691e-03
6.034748163074254990e-03 3.484327811747789383e-03 -6.839846260845661163e-03
5.654057487845420837e-03 3.284785663709044456e-03 -6.257485132664442062e-03
5.288837943226099014e-03 3.083555260673165321e-03 -5.728813353925943375e-03
4.918239079415798187e-03 2.899577142670750618e-03 -5.250626243650913239e-03
4.568133037537336349e-03 2.721278462558984756e-03 -4.817767068743705750e-03
4.251475911587476730e-03 2.544621471315622330e-03 -4.428348504006862640e-03
3.934692125767469406e-03 2.367401961237192154e-03 -4.073965363204479218e-03
3.647571429610252380e-03 2.203382551670074463e-03 -3.734715282917022705e-03
3.363404888659715652e-03 2.037697471678256989e-03 -3.449769923463463783e-03
3.105240175500512123e-03 1.875862129963934422e-03 -3.170002019032835960e-03
2.856124425306916237e-03 1.738005899824202061e-03 -2.914874115958809853e-03
2.633074298501014709e-03 1.592873712070286274e-03 -2.689574146643280983e-03
2.423691097646951675e-03 1.462343498133122921e-03 -2.492505824193358421e-03
2.225033007562160492e-03 1.351998420432209969e-03 -2.300645690411329269e-03
2.057659905403852463e-03 1.238511875271797180e-03 -2.115934155881404877e-03
1.864710939116775990e-03 1.135342172347009182e-03 -1.958385109901428223e-03
1.703119021840393543e-03 1.020422438159584999e-03 -1.804225379601120949e-03
1.554946065880358219e-03 9.466704213991761208e-04 -1.669926918111741543e-03
1.426870119757950306e-03 8.649884257465600967e-04 -1.541413832455873489e-03
1.305869431234896183e-03 7.957874331623315811e-04 -1.426090719178318977e-03
1.206813030876219273e-03 7.395670982077717781e-04 -1.322772935964167118e-03
1.105724950321018696e-03 6.793107022531330585e-04 -1.211577793583273888e-03
1.000320073217153549e-03 6.231326260603964329e-04 -1.106444862671196461e-03
9.064339101314544678e-04 5.718075553886592388e-04 -1.029194332659244537e-03
8.425198029726743698e-04 5.331721622496843338e-04 -9.817781392484903336e-04
7.707733893766999245e-04 4.902205546386539936e-04 -9.134904248639941216e-04
7.015810115262866020e-04 4.358912992756813765e-04 -8.422494283877313137e-04
6.472003879025578499e-04 4.017187748104333878e-04 -7.828284287825226784e-04
5.910124164074659348e-04 3.652998129837214947e-04 -7.325406768359243870e-04
5.493632052093744278e-04 3.311729524284601212e-04 -6.773163331672549248e-04
4.984189872629940510e-04 3.043371834792196751e-04 -6.127616507001221180e-04
4.638370592147111893e-04 2.829590521287173033e-04 -5.588071653619408607e-04
4.163900448475033045e-04 2.694075519684702158e-04 -5.257458542473614216e-04
3.851843648590147495e-04 2.459240204188972712e-04 -4.807937366422265768e-04
3.424344758968800306e-04 2.178870927309617400e-04 -4.444966325536370277e-04
3.141642373520880938e-04 1.891413994599133730e-04 -4.067761474289000034e-04
2.837607462424784899e-04 1.623907446628436446e-04 -3.817499091383069754e-04
2.641629835125058889e-04 1.466554531361907721e-04 -3.413020167499780655e-04
2.457228547427803278e-04 1.307950878981500864e-04 -3.025394689757376909e-04
2.366844855714589357e-04 1.167559239547699690e-04 -2.705094229895621538e-04
2.286355738760903478e-04 1.028492697514593601e-04 -2.390584413660690188e-04
2.150212676497176290e-04 9.340518590761348605e-05 -2.172079111915081739e-04
2.007160219363868237e-04 8.394279575441032648e-05 -1.953402825165539980e-04
1.792487310012802482e-04 8.166050974978134036e-05 -1.780478924047201872e-04
1.634793443372473121e-04 7.772344542900100350e-05 -1.627644815016537905e-04
1.457518956158310175e-04 8.546288881916552782e-05 -1.540768571430817246e-04
1.287434133701026440e-04 8.641454769531264901e-05 -1.380144385620951653e-04
1.171166732092387974e-04 8.259425521828234196e-05 -1.379022432956844568e-04
1.050010178005322814e-04 8.092813368421047926e-05 -1.367930235574021935e-04
9.351026528747752309e-05 7.837445446057245135e-05 -1.365498610539361835e-04
8.393199823331087828e-05 7.598716183565557003e-05 -1.285940816160291433e-04
6.816551467636600137e-05 7.560990343336015940e-05 -1.269415661226958036e-04
5.322455035638995469e-05 7.107925921445712447e-05 -1.208455360028892756e-04
3.796176679315976799e-05 7.119876681827008724e-05 -1.170607356471009552e-04
2.736431815719697624e-05 5.643587792292237282e-05 -1.066004260792396963e-04
2.634483644214924425e-05 5.108247205498628318e-05 -8.490191976306959987e-05
2.584839785413350910e-05 3.799287514993920922e-05 -8.527230238541960716e-05
2.882409535232000053e-05 3.392438156879507005e-05 -6.683571700705215335e-05
2.581156695669051260e-05 2.883116212615277618e-05 -6.748826126568019390e-05
2.384560866630636156e-05 2.446581493131816387e-05 -6.979419413255527616e-05
2.420017517579253763e-05 2.028806011367123574e-05 -6.289145676419138908e-05
2.380070509389042854e-05 1.864927253336645663e-05 -6.350001785904169083e-05
1.805169267754536122e-05 1.723994864732958376e-05 -5.330894418875686824e-05
2.117432086379267275e-05 1.456733843951951712e-05 -4.989754597772844136e-05
2.479505565133877099e-05 1.515671192464651540e-05 -4.710663779405876994e-05
2.570675860624760389e-05 1.326005531154805794e-05 -3.955232386942952871e-05
2.297564788023009896e-05 1.021154548652702942e-05 -3.614944944274611771e-05
2.150355248886626214e-05 2.258400854771025479e-06 -2.869698437280021608e-05
1.728226015984546393e-05 3.357199673814648122e-08 -2.612903335830196738e-05
1.176143996417522430e-05 -3.326229034428251907e-06 -2.026180845859926194e-05
1.102948590414598584e-05 -4.394821644382318482e-06 -2.741901880654040724e-05
1.242258895217673853e-05 -1.964104967555613257e-06 -2.128403684764634818e-05
9.404000593349337578e-06 -3.636773726611863822e-06 -2.250259058200754225e-05
1.042393432726385072e-05 -3.346912308188620955e-06 -2.942267383332364261e-05
1.021777916321298108e-05 1.158214217866770923e-06 -1.777248326106928289e-05
8.026970135688316077e-06 4.924436893816164229e-07 -1.975299710466060787e-05
5.437984782474813983e-06 -1.048354306476539932e-06 -2.021178988798055798e-05
3.542613285389961675e-06 -6.569044899151776917e-07 -2.415862400084733963e-05
4.904671641270397231e-06 3.356112188157567289e-07 -1.331565090367803350e-05
2.535343128329259343e-06 -1.273885686714493204e-06 -1.492913179390598089e-05
-7.464573741344793234e-07 -3.830332843790529296e-06 -1.392371814290527254e-05
1.145021542470203713e-06 -5.402564511314267293e-06 -1.641653580009005964e-05
7.961737082951003686e-07 -7.445390565408160910e-06 -1.588434497534763068e-05
2.992600002471590415e-06 -9.595915798854548484e-06 -1.888498081825673580e-05
1.171854728454491124e-05 -2.937430508609395474e-06 -1.396323477820260450e-05
1.126917231886181980e-05 -4.845274816034361720e-06 -1.284221070818603039e-05
8.917614650272298604e-06 -6.266570835578022525e-06 -9.044390026247128844e-06
5.306370439939200878e-06 -7.135735813790233806e-06 -9.662473530624993145e-06
2.085582309518940747e-06 -7.129019195417640731e-06 -1.080538004316622391e-05
-9.127940074904472567e-07 -9.457521628064569086e-06 -8.742568752495571971e-06
-3.184278739354340360e-06 -1.120336310123093426e-05 7.096475655998801813e-06
5.251849415799370036e-06 -1.221969341713702306e-05 5.240420705376891419e-06
3.936124358006054536e-06 -1.390781835652887821e-05 9.154154213319998235e-06
3.609390660130884498e-06 -1.208944468089612201e-05 1.044478085532318801e-05
1.075713316822657362e-05 -1.245107614522567019e-05 9.712794962979387492e-06
1.012871689454186708e-05 -2.045127075689379126e-05 1.387602969771251082e-05
1.395100207446375862e-05 -1.801093458198010921e-05 1.128071653511142358e-05
1.352865729131735861e-05 -1.632273961149621755e-05 1.038080336002167314e-05
1.193338084704009816e-05 -1.463839180360082537e-05 1.071726819645846263e-05
6.966767159610753879e-06 -1.301474185311235487e-05 1.186688677989877760e-05
1.328552207269240171e-05 -7.689777703490108252e-06 5.158182830200530589e-06
1.565429192851297557e-05 1.294151559250167338e-07 -1.301384713769948576e-06
1.414361122442642227e-05 -2.516212816772167571e-06 -3.014805997736402787e-06
1.152476215793285519e-05 -3.091462986049009487e-06 -1.964988541658385657e-06
8.839392648951616138e-06 -2.681440719243255444e-06 -5.364910293792490847e-07
7.965638360474258661e-06 8.375758966394641902e-07 -3.433867505009402521e-06
3.799294290729449131e-06 4.337526206654729322e-06 -1.639590323065931443e-06
-3.227233094094117405e-07 7.157378604460973293e-06 2.909152499341871589e-06
-4.197305315756238997e-06 9.469608812651131302e-06 7.601832294312771410e-06
-6.762229077139636502e-06 9.102015610551461577e-06 4.952486051479354501e-06
-1.061089551512850448e-05 1.151883134298259392e-05 5.449387572298292071e-06
-1.364409285997680854e-06 5.871569101145723835e-06 2.443274752295110375e-06
-5.980444257147610188e-06 6.246191333048045635e-06 5.393193532654549927e-06
-7.313767582672880962e-06 4.970442205376457423e-06 3.693349071909324266e-06
-4.049766175739932805e-06 3.199679440513136797e-06 1.459595978303696029e-06
-3.764816256079939194e-06 2.178895556426141411e-06 -3.744981142972392263e-07
-3.727264356712112203e-06 2.380848172833793797e-06 -1.517857981525594369e-06
-2.886130914703244343e-06 4.753926987177692354e-06 -1.805202600735356100e-06
-3.704471282617305405e-06 3.170117906847735867e-06 -4.209215148875955492e-06
-6.724571903760079294e-06 4.302748493500985205e-06 -2.470465915394015610e-06
-7.745862603769637644e-06 3.946216565964277834e-06 -1.954578920049243607e-06
-8.821004485071171075e-06 3.174375024173059501e-06 -1.596205720488796942e-06
-6.152433797979028895e-06 7.460681672455393709e-07 -3.480896566543378867e-06
-4.213144620734965429e-06 -9.765375352799310349e-07 -1.625578420316742267e-06
-3.590316055124276318e-06 -7.862827260396443307e-07 -2.903693257394479588e-06
1.207797822644351982e-06 -6.372023335643461905e-07 -5.013143891119398177e-06
5.350455921870889142e-06 9.179632343148114160e-07 -1.072575923899421468e-05
5.317179784469772130e-06 -2.248671989946160465e-06 -4.876880211668321863e-06
3.968062628700863570e-06 -5.330177828000159934e-06 -4.985617124475538731e-06
1.721064904813829344e-06 -1.463083663111319765e-06 -4.651150902645895258e-06
-9.803630973692634143e-07 1.265744231204735115e-06 -3.351769009896088392e-06
-2.395124511167523451e-06 4.522605195234064013e-06 6.824554930062731728e-07
-3.935901986551471055e-06 4.009043550468049943e-06 1.681966978139826097e-06
-5.476664227899163961e-06 3.495486453175544739e-06 2.681468231457984075e-06
-3.852517693303525448e-06 1.553986237468052423e-07 1.057293388839752879e-06
-1.916244400490541011e-06 2.634782049426576123e-06 4.517937099990376737e-07
-1.393857019138522446e-06 4.003741196356713772e-07 5.522711944649927318e-06
-1.236760454048635438e-06 -2.115295671956118895e-07 1.089926081476733088e-05
-3.122305543001857586e-07 3.082210014326847158e-06 1.300098938372684643e-05
1.004030218609841540e-05 8.288999197247903794e-06 1.807108219509245828e-06
1.101905581890605390e-05 4.857898602494969964e-06 -2.674412655778724002e-07
8.951874406193383038e-06 2.574396148702362552e-06 -2.153462219212087803e-06
7.782254215271677822e-06 1.647392799952740461e-08 -4.004994480055756867e-06
5.583689471677644178e-06 -2.432985183986602351e-06 -3.215486913177301176e-06
4.234569587424630299e-06 -5.514488748303847387e-06 -3.324240651636500843e-06
1.981464720302028582e-06 -3.159045263601001352e-06 -1.432060116712818854e-06
1.361755948892096058e-06 -1.704869760033034254e-06 -2.781271632557036355e-06
-9.338086215393559542e-07 -6.513029120469582267e-07 4.401508419960009633e-07
-1.237034666701219976e-06 -1.565765501254645642e-06 -2.282980346990370890e-07
-5.260379566607298329e-06 1.014651388686615974e-06 2.414863899957708782e-07
-3.319544020996545441e-06 2.468066213623387739e-06 -1.587568817740248051e-06
-2.111812364091747440e-06 2.930455138994148001e-06 -3.763937456824351102e-06
7.280606496351538226e-06 -2.039050741586834192e-06 -8.962269930634647608e-06
6.048284376447554678e-06 -5.227558176557067782e-06 -8.798915587249211967e-06
3.075920744777249638e-07 -6.989720077399397269e-06 6.197390121087664738e-07
5.092620995128527284e-06 -9.116791261476464570e-06 -5.051762400398729369e-06
-3.313691081530123483e-07 -1.077191427611978725e-05 1.050269275992832263e-07
1.487694703428132925e-06 -7.538151749031385407e-06 -2.436139823203120613e-07
-9.481445886194705963e-07 -4.063611413585022092e-06 1.312931658503657673e-06
-3.500534376144059934e-06 -7.758169431326678023e-07 2.655460548339760862e-06
-1.896038043014414143e-06 1.175036345557600725e-06 1.570118456584168598e-06
-6.636781563429394737e-06 2.920486394941690378e-06 3.952129191020503640e-06
-4.966184860677458346e-06 4.810261998500209302e-06 2.762047415671986528e-06
-5.981269623589469120e-06 4.457318027561996132e-06 3.282907982793403789e-06
-7.522010946559021249e-06 3.943757292290683836e-06 4.282392637833254412e-06
-5.452608093037270010e-06 6.005393061059294268e-06 4.816164619114715606e-06
-4.002367859357036650e-06 7.171506240410963073e-06 3.419733502596500330e-06
-4.462233391677727923e-06 5.019875970901921391e-06 1.215545808008755557e-06
-1.037641027323843446e-06 3.152644467263598926e-06 4.679586496081356017e-08
-5.084086751594441012e-06 4.737574272439815104e-06 3.388954382899100892e-06
-2.338355443498585373e-06 3.332817868795245886e-06 1.375189526697795372e-06
8.018373591767158359e-07 2.111196863552322611e-06 -6.620131216550362296e-07
3.121900590485893190e-06 3.709661768880323507e-06 -6.489933184639085084e-06
-1.915479742820025422e-06 6.511960464194999076e-07 3.254486955484026112e-06
2.357325854518421693e-07 -8.345733881753858441e-09 4.927975396640249528e-07
1.884116500150412321e-06 -5.376610374696610961e-07 -2.109439947162172757e-06
4.035290658066514879e-06 -1.197190840684925206e-06 -4.871074906986905262e-06
5.665538083121646196e-08 -4.031312982988310978e-06 -2.856558694475097582e-06
1.868055392151291016e-06 -1.466669573346734978e-06 -5.034231435274705291e-06
4.880939741269685328e-07 -3.349395001350785606e-06 -4.227836143400054425e-06
1.024580001285357866e-06 -2.408198042758158408e-06 -5.991856596665456891e-06
-6.640634182986104861e-06 -5.094374500913545489e-06 4.914124474453274161e-06
-2.592210194052313454e-06 -7.951317456900142133e-06 1.344898947763795150e-07
3.032574568351265043e-06 -1.053390951710753143e-05 -6.110547928983578458e-06
6.609915317312697880e-07 -1.005726699077058583e-05 -5.188884642848279327e-06
4.616344085661694407e-06 -1.154230176325654611e-05 -9.008165761770214885e-06
1.330692384726717137e-06 -1.183092990686418489e-05 -8.584133865952026099e-06
-9.276490686715987977e-07 -1.140143103839363903e-05 -7.636832378921099007e-06
-2.425114871584810317e-06 -1.108085234591271728e-05 -8.684610293130390346e-06
-3.650157395895803347e-06 -1.096063260774826631e-05 -7.624563295394182205e-06
-1.659188569647085387e-06 -9.202373803418595344e-06 -1.078793502529151738e-05
-2.093584498652489856e-06 -7.261726295837434009e-06 -7.885040758992545307e-06
-2.022656190092675388e-06 -1.866683305706828833e-06 -8.045689355640206486e-06
-3.119158918707398698e-06 -2.183773858632775955e-06 -2.117603116857935674e-06
2.008809133258182555e-06 -1.288069711335992906e-06 4.538720531854778528e-06
6.224608739557879744e-08 2.088504743369412608e-06 7.180183274613227695e-06
-1.844800067374308128e-06 5.437277650344185531e-06 9.799357030715327710e-06
-1.096204073292028625e-06 6.429611403291346505e-06 6.032707460690289736e-06
-3.370678768988000229e-06 6.327395112748490646e-06 1.099465407605748624e-05
1.262744262930937111e-06 4.962837920174933970e-06 7.858264325477648526e-06
-2.948272879166324856e-07 8.688835805514827371e-06 1.071632686944212765e-05
-1.246645297214854509e-06 7.831249604350887239e-06 9.903312275127973408e-06
-1.084045038624026347e-06 8.734752555028535426e-06 1.053935920936055481e-05
-8.546608114556875080e-07 8.659682862344197929e-06 1.067163611878640950e-05
-3.715486172950477339e-06 7.853562237869482487e-06 1.263835747522534803e-05
1.028706356009934098e-05 4.164660367678152397e-06 9.226789188687689602e-06
9.259136277250945568e-06 5.770285042672185227e-06 4.530533260549418628e-06
1.221010734298033640e-05 6.918688086443580687e-06 -1.532145233795745298e-06
1.077115302905440331e-05 4.645099124900298193e-06 4.407123924465849996e-06
9.007621883938554674e-06 1.832581801863852888e-06 3.174189487253897823e-06
7.977074346854351461e-06 -7.097734169292380102e-07 1.498783603892661631e-06
7.657722562726121396e-06 1.215466454596025869e-06 -4.736094979307381436e-06
7.045856818876927719e-06 -1.811017796171654481e-06 -5.006770152249373496e-06
5.696721927961334586e-06 -4.892527613264974207e-06 -5.115505246067186818e-06
3.229960839234990999e-06 -5.668111043632961810e-06 -5.966061962681123987e-06
2.904594396113679977e-07 -3.033793063877965324e-06 -4.358829755801707506e-06
-1.749083025970321614e-06 1.922671799547970295e-06 -3.642113028945459519e-07
-4.414449904288630933e-06 5.108671302878065035e-06 1.108554442907916382e-06
-1.058207908499753103e-05 6.631104497500928119e-06 4.019228526885854080e-06
2.366094349781633355e-06 2.428038669677334838e-06 1.484698486819979735e-06
-1.613002154954301659e-06 1.454179937354638241e-06 4.409132998262066394e-06
-1.958112079591955990e-06 6.533989562740316615e-07 2.434735051792813465e-06
-3.682973328977823257e-06 -9.447207816037916928e-08 2.477327825545216911e-06
-3.174212224621442147e-06 4.474151467093179235e-07 1.437348942090466153e-06
-3.194355258528958075e-06 8.246070706263708416e-07 1.881669362546745106e-07
5.258509077066264581e-07 -8.747683466481248615e-08 -1.389065346302231774e-06
-2.495728494977811351e-06 -1.095779907700489275e-06 -3.192765518633677857e-07
-1.526517792171944166e-07 8.629759236100653652e-07 -1.259647547158238012e-06
-3.174224275426240638e-06 -1.453368696502366220e-07 -1.898600032745889621e-07
-8.311407100336509757e-07 1.813409426176804118e-06 -1.130232135437836405e-06
3.424642272875644267e-06 -1.737160317816233146e-07 -5.241112376097589731e-06
1.864894784375792369e-06 4.263516075297957286e-06 -4.535611878964118659e-06
-2.399770892225205898e-06 5.310439973982283846e-06 -3.085185198870021850e-06
-2.859892447304446250e-06 4.920147148368414491e-06 -1.046869329002220184e-06
-1.235773652297211811e-06 1.580044681759318337e-06 -2.671006313903490081e-06
-4.138605618209112436e-06 1.927183575389790349e-06 4.510741291596787050e-07
-2.534102122808690183e-06 3.878009465552167967e-06 -6.342457936625578441e-07
-9.852697075984906405e-07 6.221773105608008336e-07 -2.276939085277263075e-06
-1.314347628067480400e-06 -7.623102646903134882e-07 -3.236081511204247363e-06
-2.694277100090403110e-06 -2.645042513904627413e-06 -2.429705773465684615e-06
-6.354555921461724211e-07 -2.027338581456206157e-07 -3.516313199725118466e-06
-1.983075890166219324e-06 6.589590952899015974e-07 -3.094609837717143819e-06
-4.110298164050618652e-07 -8.915353646443691105e-07 -7.099906724761240184e-06
-8.076229278231039643e-06 -3.577727056836010888e-06 3.806085260293912143e-06
-4.027790510008344427e-06 -6.434685019485186785e-06 -9.735382491271593608e-07
1.597009031684137881e-06 -9.017291631607804447e-06 -7.218564860522747040e-06
-1.156840539806580637e-06 -8.571541911805979908e-06 -5.282300662656780332e-06
-9.236255777977930848e-07 -7.056272806948982179e-06 -7.171501692937454209e-06
-3.163512246828759089e-06 -5.287519798002904281e-06 -6.471008873631944880e-06
-4.872190970672818366e-07 -5.960645012237364426e-06 -1.055238953995285556e-05
-4.193519089312758297e-06 -6.446095085266279057e-06 -7.369907052634516731e-06
9.921498076437273994e-07 -8.489389074384234846e-06 -8.650956260680686682e-06
-2.400106268396484666e-06 -9.439077985007315874e-06 -5.591769877355545759e-06
2.382915909038274549e-06 -1.183183121611364186e-05 -8.436910320597235113e-06
-2.053626303677447140e-06 -9.767283700057305396e-06 4.723515871773997787e-07
5.918342594668501988e-06 -9.831871466303709894e-06 -2.086080485241836868e-06
-9.636872846385813318e-07 -8.892406185623258352e-06 2.047831458185100928e-06
-3.023923000000650063e-06 -3.541632395354099572e-06 4.775255547428969294e-06
3.908809503627708182e-06 -2.215279437223216519e-06 3.353091415192466229e-06
1.962227997864829376e-06 1.161304567176557612e-06 5.994566436129389331e-06
2.101577138091670349e-06 3.529009518388193101e-06 1.220078320329776034e-05
2.999383013957412913e-06 4.005032224085880443e-06 8.252544830611441284e-06
-4.091709229214757215e-07 6.553316779900342226e-06 8.583046110288705677e-06
-4.461966454982757568e-06 9.146936463366728276e-06 1.129077645600773394e-05
-2.741243861237308010e-06 1.253106711374130100e-05 1.160664578492287546e-05
3.988855496572796255e-06 1.282770699617685750e-05 9.539296115690376610e-06
3.662360995804192498e-06 1.364761828881455585e-05 1.047193018166581169e-05
3.702561457430419978e-07 1.549048829474486411e-05 1.014030112855834886e-05
-4.680561715986186755e-08 1.727672315610107034e-05 6.782499895052751526e-06
-8.431522928731283173e-07 1.781675746315158904e-05 6.031999873812310398e-06
2.787265202641719952e-06 1.644274743739515543e-05 7.519062364735873416e-06
-6.532428642458398826e-07 1.751156560203526169e-05 8.867631549946963787e-06
-4.093716142961056903e-06 1.858037467172835022e-05 1.021618663799017668e-05
-6.652538104390259832e-06 1.846642408054322004e-05 1.103978047467535362e-05
-9.211333235725760460e-06 1.835247894632630050e-05 1.186336612590821460e-05
4.277127914065204095e-07 1.633741885598283261e-05 6.985396339587168768e-06
3.690916855703108013e-06 1.241360496351262555e-05 9.214952001457277220e-07
8.351795258931815624e-06 7.699415618844795972e-06 -6.438953619181120303e-07
9.472992132941726595e-06 4.216378329147119075e-06 -2.989870836245245300e-06
8.218865332310087979e-06 3.955718966608401388e-06 -5.231097020441666245e-06
6.964989097468787804e-06 3.695301529660355300e-06 -7.472060588042950258e-06
5.198026883590500802e-06 8.642413718007446732e-07 -8.610679287812672555e-06
3.540117859301972203e-06 2.167857218182689394e-07 -8.034767233766615391e-06
3.505186441543628462e-06 -3.590648702811449766e-06 -7.458620984834851697e-06
2.624543640195042826e-06 -8.110902854241430759e-06 -7.827293302398175001e-06
1.529071596451103687e-06 -1.140431686508236453e-05 -7.574663868581410497e-06
-1.778092382664908655e-06 -1.368825269310036674e-05 -5.624630830425303429e-06
-3.823358838417334482e-06 -1.673385668254923075e-05 -4.722121957456693053e-06
-2.610595856822328642e-06 -1.573651388753205538e-05 -8.259782589448150247e-06
-1.890956582428771071e-06 -1.456299924029735848e-05 -1.141153825301444158e-05
-6.254445906961336732e-06 -1.817471456888597459e-05 -2.707628709686105140e-06
-1.050957234838278964e-05 -1.892251202662009746e-05 2.313650838914327323e-06
-6.671998562524095178e-06 -1.520010027888929471e-05 -3.374380526111053769e-07
-3.567908152035670355e-06 -1.473370139137841761e-05 -4.401408659759908915e-06
1.772150426404550672e-06 -1.447436625312548131e-05 -8.653008990222588181e-06
5.932645876782771666e-07 -1.593566048541106284e-05 -2.306610213054227643e-06
-5.170471922610886395e-06 -1.805366264306940138e-05 -3.062428959310636856e-07
-3.219942527721286751e-06 -1.186450663226423785e-05 1.557626774228992872e-07
2.619806991788209416e-06 -1.448751208954490721e-05 -6.634450983256101608e-06
6.591147894141613506e-07 -1.004391197056975216e-05 -6.439762273657834157e-06
-1.483482037656358443e-06 -5.760736257798271254e-06 -6.147171461634570733e-06
-2.602969971121638082e-06 -2.051146793746738695e-06 -6.588627456949325278e-06
-5.216481895331526175e-07 7.910313115644385107e-07 3.007716884440014837e-07
1.108311721509380732e-06 3.592845587263582274e-06 5.105386662762612104e-06
-1.440508412997587584e-06 4.089573849341832101e-06 8.820079528959468007e-06
-5.671149210684234276e-06 6.200758889463031664e-06 1.059304850059561431e-05
-2.150675982193206437e-06 6.444320661103120074e-06 5.984628842270467430e-06
-5.382040399126708508e-06 6.411522008420433849e-06 7.753077625238802284e-06
-8.973750482255127281e-06 7.474820904462831095e-06 7.921767974039539695e-06
2.833691041814745404e-07 7.022028512437827885e-06 6.939302693353965878e-06
2.656100377862458117e-06 9.197336112265475094e-06 4.882774192083161324e-06
4.756040652864612639e-06 1.023296044877497479e-05 2.071398739644791931e-06
1.491692614763451274e-06 7.588785592815838754e-06 4.047185484523652121e-06
3.875063612213125452e-06 8.695998985785990953e-06 -1.456069412597571500e-06
6.796165052946889773e-06 9.418286026630084962e-06 -6.339129754451278131e-07
5.437098934635287151e-06 7.558549896202748641e-06 6.253510036913212389e-06
6.408716672012815252e-06 4.145651018916396424e-06 4.153302143095061183e-06
7.313779860851354897e-06 7.490637017326662317e-07 1.977233523575705476e-06
6.143454811535775661e-06 -1.812909431464504451e-06 1.254201436040602857e-07
5.272479484119685367e-06 -5.200579380471026525e-06 -3.828838828212610679e-07
4.755069767270470038e-06 -7.967276360432151705e-06 -2.573507799752405845e-06
2.403337248324532993e-06 -1.077523847925476730e-05 -1.063616537066991441e-06
5.419486114988103509e-06 -1.060618615156272426e-05 -4.145785169384907931e-06
5.371130555431591347e-06 -1.122013418353162706e-05 -6.136733190942322835e-06
5.219125341682229191e-06 -1.269103722734143957e-05 -7.646516678505577147e-06
2.825019464580691420e-06 -1.191730552818626165e-05 -9.232765478373039514e-06
6.409571540189062944e-08 -1.154453548224410042e-05 -7.801322681189049035e-06
-4.372662715468322858e-06 -8.038356099859811366e-06 -5.256322765490040183e-06
6.017381082301653805e-08 -3.196500756530440412e-06 -2.092445129164843820e-06
-2.270804998261155561e-06 7.861892186156183016e-07 -7.303729034902062267e-07
