2.997726737310068046e+01 4.503727207297836088e+01 6.003489425980941974e+01
2.966638098169997306e+01 4.479674251975093568e+01 6.004627161456690487e+01
2.903079802932114006e+01 4.384684942812548059e+01 5.977698486651677001e+01
2.812499427094115134e+01 4.229649875741243648e+01 5.913406914791208635e+01
2.700662986963446244e+01 4.030817325121176964e+01 5.800126481002843093e+01
2.572057464572452190e+01 3.800013194570998110e+01 5.631693434633765349e+01
2.440944522303502495e+01 3.544939069466722970e+01 5.406394876261858684e+01
2.320357986608077638e+01 3.270718326488317018e+01 5.125250912172443662e+01
2.210450850439646331e+01 2.984002622191080079e+01 4.798336956590463132e+01
2.102581334375252453e+01 2.695182304630312231e+01 4.447403600634371656e+01
1.990117275015390774e+01 2.413667149986488170e+01 4.091358942572465907e+01
1.871317864878602677e+01 2.145676340139391414e+01 3.740923861657373095e+01
1.746965178472310498e+01 1.895259096052389225e+01 3.402432705441547967e+01
1.619029274789084027e+01 1.664849421558738030e+01 3.079793812988913260e+01
1.489909940365875762e+01 1.455619447625938356e+01 2.775490156529060215e+01
1.362001393720850473e+01 1.267756295947697787e+01 2.491074679331642017e+01
1.237448833288238959e+01 1.100696144050518477e+01 2.227411243030230992e+01
1.118021404930015095e+01 9.533388635572762837e+00 1.984815896627537413e+01
1.005064060691520922e+01 8.242327441739073279e+00 1.763143125241047926e+01
8.995026303674602985e+00 7.117308243934449941e+00 1.561866779813901296e+01
8.018813428835205315e+00 6.141156842911148495e+00 1.380156378425573038e+01
7.124182710831084009e+00 5.296910222021105064e+00 1.216950251320512955e+01
6.310696025744344517e+00 4.568446608175544377e+00 1.071029737063030396e+01
5.575932211964600427e+00 3.940879346569317043e+00 9.410837984606676088e+00
4.916039799825255407e+00 3.400743091436317922e+00 8.257628123314205482e+00
4.326250751939035410e+00 2.936062172875464782e+00 7.237250966609179770e+00
3.801268939813176928e+00 2.536312652494700615e+00 6.336696725597099622e+00
3.335581365577647617e+00 2.192334157449394638e+00 5.543603144033705021e+00
2.923684436803013931e+00 1.896204869867087472e+00 4.846413390987725833e+00
2.560249292783301378e+00 1.641109894148328863e+00 4.234459987365839062e+00
2.240224935589327782e+00 1.421204109702078444e+00 3.698003301011163479e+00
1.958905058679393463e+00 1.231487276956244159e+00 3.228225988230437160e+00
1.711959314737483417e+00 1.067684834850457731e+00 2.817199315641458757e+00
1.495445875029957516e+00 9.261457769881885627e-01 2.457837276462585763e+00
1.305801786347057236e+00 8.037505188514593168e-01 2.143832834726912662e+00
1.139830456752603860e+00 6.978326588461920554e-01 1.869596624373798033e+00
9.946777176528732722e-01 6.061111792205782223e-01 1.630190456729398552e+00
8.678056446704599525e-01 5.266323591844147556e-01 1.421259809878983704e+00
7.569658930728724311e-01 4.577217674484376220e-01 1.238976010041743292e+00
6.601723002643423710e-01 3.979421187206940158e-01 1.079976338717857809e+00
5.756738803153494954e-01 3.460581990053446244e-01 9.413130724259726190e-01
5.019300741079253392e-01 3.010074561670230686e-01 8.204037316253430800e-01
4.375880756896343149e-01 2.618743530565369459e-01 7.149892093548225747e-01
3.814607073603811238e-01 2.278695145777317743e-01 6.230932082340316924e-01
3.325077670396591745e-01 1.983116714067476583e-01 5.429893032293793276e-01
2.898185021251138416e-01 1.726118707044139167e-01 4.731695232333856249e-01
2.525961112284236809e-01 1.502610444746790286e-01 4.123170697580472721e-01
2.201440690339753203e-01 1.308184648238786552e-01 3.592830804372605935e-01
1.918535611481874126e-01 1.139024311342906881e-01 3.130650003129716863e-01
1.671928775665774414e-01 9.918201286676271711e-02 2.727883139935178836e-01
1.456977182754208011e-01 8.637038202220978511e-02 2.376902967475745254e-01
1.269628516180701938e-01 7.521845083643527441e-02 2.071058553468442809e-01
1.106346116630051724e-01 6.551010323975389738e-02 1.804551629364203602e-01
9.640445485895184075e-02 5.705759935717159143e-02 1.572326854934971985e-01
8.400324893946529980e-02 4.969782757506088777e-02 1.369977345982535955e-01
7.319624972723236256e-02 4.328901067555773058e-02 1.193662063907437315e-01
6.377877503704579287e-02 3.770787476036098484e-02 1.040033263003228570e-01
5.557237094072398076e-02 3.284725001265865335e-02 9.061731066515332778e-02
4.842143971786638801e-02 2.861388541296537233e-02 7.895390828617702972e-02
4.219032885859275855e-02 2.492666971577724155e-02 6.879148287498372538e-02
3.676082214430535094e-02 2.171500211093382871e-02 5.993693966893073183e-02
3.202984104861162501e-02 1.891745783343955212e-02 5.222198457892851531e-02
2.790757883255934324e-02 1.648056025080131201e-02 4.550000028973412436e-02
2.431574490085961632e-02 1.435775825511944291e-02 3.964318852641038338e-02
2.118610980911138364e-02 1.250852525941470277e-02 3.454022127337481179e-02
1.845921771019256100e-02 1.089757402433666825e-02 3.009407860243451874e-02
1.608326524131820090e-02 9.494172804597460213e-03 2.622023400007014726e-02
1.401308894112210900e-02 8.271563552547952711e-03 2.284502281789606293e-02
1.220935071445218914e-02 7.206441504462660942e-03 1.990426991425827200e-02
1.063776573711620529e-02 6.278509766363790830e-03 1.734205576386463679e-02
9.268459145252627360e-03 5.470088514648693140e-03 1.510965661098540892e-02
8.075399171070652901e-03 4.765780174477344741e-03 1.316462179994017795e-02
7.035903226952826793e-03 4.152171165647913428e-03 1.146996041597693125e-02
6.130208698972232362e-03 3.617577969825144964e-03 9.993447033655048287e-03
5.341094355911193969e-03 3.151822374628552442e-03 8.706999370882775868e-03
4.653555766687700497e-03 2.746038717656459124e-03 7.586152544570705890e-03
4.054517679484017333e-03 2.392503045511234355e-03 6.609589518513078743e-03
3.532589649411116937e-03 2.084486634342295683e-03 5.758738186135654857e-03
3.077846389436522060e-03 1.816127990104304812e-03 5.017415927940708543e-03
2.681640159493987353e-03 1.582320378239794427e-03 4.371523322932820664e-03
2.336436037265853059e-03 1.378614752992944050e-03 3.808775350582501319e-03
2.035668622828841479e-03 1.201135149194124162e-03 3.318469881848236467e-03
1.773618309820324587e-03 1.046504854395635372e-03 2.891281374951326817e-03
1.545301188962520771e-03 9.117818913218244704e-04 2.519084990963432833e-03
1.346374777550004209e-03 7.944031769682403585e-04 2.194801335443664729e-03
1.173055826705026372e-03 6.921357365848538473e-04 1.912263079129539059e-03
1.022048020649727598e-03 6.030340296821084557e-04 1.666095851333577668e-03
8.904793616367374931e-04 5.254030197125432542e-04 1.451617784605507833e-03
7.758475226061232804e-04 4.577659424066078350e-04 1.264749582497653535e-03
6.759722308010002179e-04 3.988361974464168700e-04 1.101937091370493085e-03
5.889538495199101711e-04 3.474927886855922301e-04 9.600835628728120836e-04
5.131373249645628442e-04 3.027590511288956519e-04 8.364910343217363958e-04
4.470807170745659943e-04 2.637840384363261508e-04 7.288086386904248266e-04
3.895276112689100814e-04 2.298264399786237701e-04 6.349883134461981006e-04
3.393833332489693943e-04 2.002403364503814378e-04 5.532455113626691748e-04
2.956942375515217935e-04 1.744629499698422759e-04 4.820255908847897943e-04
2.576292362731963164e-04 1.520039323897642478e-04 4.199738538595467331e-04
2.244643497541044331e-04 1.324361525144043079e-04 3.659101165888066953e-04
1.955688072138134193e-04 1.153873827695157478e-04 3.188060685783209022e-04
1.703930100768235646e-04 1.005333607015720259e-04 2.777657577458407588e-04
1.484581235541849163e-04 8.759152823043284651e-05 2.420086289137132263e-04
1.293469317537444363e-04 7.631572215584706107e-05 2.108545554288443404e-04
1.126959563542458679e-04 6.649147714374348576e-05 1.837109811793227819e-04
9.818846758414397308e-05 5.793192160579556258e-05 1.600616258667011819e-04
8.554854385552876925e-05 5.047425666870283031e-05 1.394566753805491087e-04
7.453577621431922381e-05 4.397662930726623746e-05 1.215042358164417937e-04
6.494070229722216571e-05 3.831545498940606363e-05 1.058628361896797512e-04
5.658080695972925975e-05 3.338304651514839745e-05 9.223497333633085720e-05
4.929709283866976150e-05 2.908560114863731878e-05 8.036143845458844413e-05
4.295101892736357177e-05 2.534136853415173298e-05 7.001639923449908594e-05
3.742188207547300633e-05 2.207913780755058465e-05 6.100309427521585375e-05
3.260451765480291525e-05 1.923685988395543183e-05 5.315008442454099128e-05
2.840729659497629191e-05 1.676047331271449055e-05 4.630799916118953137e-05
2.475038785023576907e-05 1.460287344429911973e-05 4.034670636927157656e-05
2.156423907375133760e-05 1.272302490703844748e-05 3.515281756979153497e-05
1.878824781685590369e-05 1.108517098139984852e-05 3.062754815108974157e-05
1.636961022637785333e-05 9.658160226128654618e-06 2.668482023602286143e-05
1.426232932773799269e-05 8.414850458438504895e-06 2.324964889733294150e-05
1.242631938492377238e-05 7.331595787074882261e-06 2.025669121660649832e-05
1.082666170474910411e-05 6.387789421305125531e-06 1.764902169632968625e-05
9.432929649219215740e-06 5.565480575389950952e-06 1.537703957544073538e-05
8.218615425068960252e-06 4.849028421144703026e-06 1.339753247515123880e-05
7.160622010620376782e-06 4.224806523005332738e-06 1.167285159291093759e-05
6.238825105399524477e-06 3.680941470984871959e-06 1.017018948814031486e-05
5.435692889260350230e-06 3.207089171827946718e-06 8.860967787776953346e-06
4.735948935083658057e-06 2.794236788481954872e-06 7.720283515688499754e-06
4.126283974649403521e-06 2.434530938476294187e-06 6.726440915305534064e-06
3.595101861722099372e-06 2.121130522704455997e-06 5.860537417949452506e-06
3.132299935931974615e-06 1.848074821011083184e-06 5.106101721316791075e-06
2.729074831029297301e-06 1.610169907882336491e-06 4.448786420798212455e-06
2.377757391527038766e-06 1.402890640213909783e-06 3.876088731426666514e-06
2.071665502190512967e-06 1.222294654915981234e-06 3.377114567124467084e-06
1.804977273049065139e-06 1.064947155007054957e-06 2.942373967480158513e-06
1.572620305271152032e-06 9.278551610742982569e-07 2.563598304950850488e-06
1.370174900574949057e-06 8.084112280919603869e-07 2.233582936492107113e-06
1.193790501734254814e-06 7.043433707032470545e-07 1.946050821396823606e-06
1.040112209072345223e-06 6.136723165158716513e-07 1.695533136012625274e-06
9.062171693905309182e-07 5.346734411860348498e-07 1.477264849784174310e-06
7.895586491114727719e-07 4.658442503988217633e-07 1.287094651954919431e-06
6.879177407496861929e-07 4.058755258544614775e-07 1.121405259596838567e-06
5.993611760439402767e-07 3.536266441475651299e-07 9.770452265240193392e-07
5.222046350858223668e-07 3.081038217606147316e-07 8.512688435359143151e-07
4.549804827786398707e-07 2.684411843930252931e-07 7.416838755462495186e-07
3.964102634047787170e-07 2.338843807362312245e-07 6.462059142648349247e-07
3.453798414135353470e-07 2.037761300277521671e-07 5.630188884326193891e-07
3.009186387626012390e-07 1.775437542726988684e-07 4.905407647215041096e-07
2.621809841472683826e-07 1.546883007436134718e-07 4.273928108550408959e-07
2.284300830062429749e-07 1.347750639251317187e-07 3.723739730607817652e-07
1.990239849154611036e-07 1.174252651811220107e-07 3.244377979661678282e-07
1.734033829811428172e-07 1.023089601163696945e-07 2.826724841600642267e-07
1.510809526211164349e-07 8.913858841063796237e-08 2.462836563089843642e-07
1.316321152344912684e-07 7.766366229155691094e-08 2.145792511615299400e-07
1.146869468709035029e-07 6.766591300757699487e-08 1.869561846633847453e-07
9.992316192715845491e-08 5.895519427308273048e-08 1.628890673494699404e-07
8.705993014913448133e-08 5.136581190794302113e-08 1.419201283468389789e-07
7.585259055005788148e-08 4.475342597698816682e-08 1.236505642660391057e-07
6.608799507856714749e-08 3.899226462390889889e-08 1.077328549810735312e-07
5.758039934215405707e-08 3.397274183564818523e-08 9.386426257568731581e-08
5.016800216373825517e-08 2.959938372063372005e-08 8.178098548390463682e-08
4.370980955480288227e-08 2.578901877307671983e-08 7.125321590808538329e-08
3.808298849393880652e-08 2.246916692195935512e-08 6.208069340350446982e-08
3.318051649696476085e-08 1.957668302441270590e-08 5.408896454606481389e-08
2.890914288139905908e-08 1.705655143545423598e-08 4.712601790545802753e-08
2.518763151001526160e-08 1.486083960546854895e-08 4.105942472651639155e-08
2.194519436767454736e-08 1.294778367071442488e-08 3.577379130492097148e-08
1.912016208947872802e-08 1.128099888060839816e-08 3.116858348780554190e-08
1.665879920415891456e-08 9.828781465959480976e-09 2.715621197984293513e-08
1.451429112741514475e-08 8.563509104402073711e-09 2.366035937148609517e-08
1.264584804063921217e-08 7.461117719143521224e-09 2.061453139631331803e-08
1.101793122099167280e-08 6.500638310683085047e-09 1.796079584109905992e-08
9.599578763811868615e-09 5.663802568027218800e-09 1.564867889334099283e-08
8.363812409171713522e-09 4.934693802810074007e-09 1.363420461374738004e-08
7.287127062850767113e-09 4.299444399026993597e-09 1.187905606494068895e-08
6.349045518681907970e-09 3.745971429424773227e-09 1.034984934985224485e-08
5.531724467340998824e-09 3.263747257993857700e-09 9.017499886202436617e-09
4.819618152689945215e-09 2.843600755299688504e-09 7.856665809431857272e-09
4.199182182622464216e-09 2.477540777697071549e-09 6.845267708944687331e-09
3.658615904135246967e-09 2.158603699489526073e-09 5.964067602182962437e-09
3.187637379084516904e-09 1.880723805325546017e-09 5.196305158685047696e-09
2.777288773996668850e-09 1.638615709067369773e-09 4.527378849478947123e-09
2.419764808900293619e-09 1.427674464495245115e-09 3.944563275285088712e-09
2.108265457887614642e-09 1.243888000661152762e-09 3.436774600608639630e-09
1.836865745157305407e-09 1.083760689183963331e-09 2.994354276021220044e-09
1.600403431677370239e-09 9.442467513856755081e-10 2.608887150190101816e-09
1.394381411913408935e-09 8.226925610415600903e-10 2.273041647005495701e-09
1.214880844928918702e-09 7.167863021630243854e-10 1.980430019959260984e-09
1.058487604058316615e-09 6.245134412320202453e-10 1.725486497143687985e-09
9.222270755359922821e-10 5.441190575064964369e-10 1.503362422339359513e-09
8.035075545622281187e-10 4.740739005383784634e-10 1.309832528044391295e-09
7.000709964018169143e-10 4.130457900294958106e-10 1.141216017961406729e-09
6.099499298073722239e-10 3.598738732171120342e-10 9.943057002635456643e-10
5.314302842864952229e-10 3.135468579528105880e-10 8.663074576631893716e-10
4.630185906316288549e-10 2.731835566531444917e-10 7.547865755517124910e-10
4.034136292568463016e-10 2.380162629318015341e-10 6.576219221336073605e-10
3.514816566586562988e-10 2.073760912303636591e-10 5.729654460504630398e-10
3.062349615199888421e-10 1.806802794476604308e-10 4.992068921024703749e-10
2.668129304706092155e-10 1.574210445743387891e-10 4.349432878019473550e-10
2.324657725924603477e-10 1.371560037566910670e-10 3.789524553163836040e-10
2.025401448033887123e-10 1.194997259482804913e-10 3.301694306372480559e-10
1.764668893279630700e-10 1.041163582411762457e-10 2.876662869362288556e-10
1.537500756926742565e-10 9.071333308881899091e-11 2.506346415144856375e-10
1.339576205744335517e-10 7.903569673097277625e-11 2.183701257504945645e-10
1.167130755089932610e-10 6.886133214968138380e-11 1.902590416792360057e-10
1.016884582188720045e-10 5.999671625901898518e-11 1.657667455131827371e-10
8.859797226026306297e-11 5.227324860076010672e-11 1.444273729597937115e-10
7.719263983700972711e-11 4.554404283560409547e-11 1.258350429999732619e-10
6.725552475656231348e-11 3.968110027368258722e-11 1.096361301341186873e-10
5.859763249620911852e-11 3.457290271647521009e-11 9.552251812746372728e-11
5.105428548890351706e-11 3.012228483966414634e-11 8.322577934653087039e-11
4.448200158278055191e-11 2.624460164697970510e-11 7.251201256979477172e-11
3.875577317601950412e-11 2.286609781472391226e-11 6.317744487691181577e-11
3.376669111886398595e-11 1.992251619909729638e-11 5.504453049961870145e-11
2.941986058062275511e-11 1.735786475005773021e-11 4.795857148238336743e-11
2.563260266963010218e-11 1.512336202077901027e-11 4.178479803259978317e-11
2.233288434497290488e-11 1.317651157654237202e-11 3.640577810788835875e-11
1.945794400687491019e-11 1.148028200798264993e-11 3.171921214868989508e-11
1.695309723568595268e-11 1.000241040824910048e-11 2.763595765563139913e-11
1.477070249040841053e-11 8.714787382940016193e-12 2.407834262586196549e-11
1.286925104764087980e-11 7.592922039805968196e-12 2.097870572815016866e-11
1.121257574542086691e-11 6.615476087185126271e-12 1.827809022549779698e-11
9.769166107924715642e-12 5.763857723139388416e-12 1.592512736438983760e-11
8.511568108951808734e-12 5.021869103270452193e-12 1.387506419352956106e-11
7.415862362172127111e-12 4.375397292681902599e-12 1.208890863446734025e-11
6.461208702346800405e-12 3.812147149082146618e-12 1.053268714510762895e-11
5.629449004244228420e-12 3.321404489489032654e-12 9.176800999047106520e-12
4.904762803733521897e-12 2.893835752557043562e-12 7.995459438670998174e-12
4.273366791275302156e-12 2.521308432349248304e-12 6.966193584520610016e-12
3.723250801035052929e-12 2.196737136695306898e-12 6.069425864597310741e-12
3.243952042749907836e-12 1.913948475737718956e-12 5.288100787372536339e-12
2.826353793427585290e-12 1.667563421786741355e-12 4.607356481184699238e-12
2.462513596144417697e-12 1.452895781604425069e-12 4.014245541551689406e-12
2.145511065534226947e-12 1.265862704479064639e-12 3.497486162085084185e-12
1.869316658847608287e-12 1.102906643713118038e-12 3.047250149278223575e-12
1.628677141817283866e-12 9.609280920848080162e-13 2.654973649995563226e-12
1.419015419821700863e-12 8.372265676499288444e-13 2.313195444804605070e-12
1.236343666655782918e-12 7.294492675069096723e-13 2.015414459747370258e-12
1.077187518463848579e-12 6.355463218340384546e-13 1.755967467179673329e-12
9.385196827666452874e-13 5.537316290391838522e-13 1.529919501840600377e-12
8.177026713940248336e-13 4.824490293649431056e-13 1.332970971728051424e-12
7.124387160667431311e-13 4.203427007267205750e-13 1.161375834136448426e-12
6.207255562792283755e-13 3.662314127981384333e-13 1.011870351542469304e-12
5.408187789231050053e-13 3.190859599039983055e-13 8.816109713964268132e-13
4.711985257378840908e-13 2.780095785951410588e-13 7.681200680025495232e-13
4.105405200574113962e-13 2.422210587167277677e-13 6.692389641112115087e-13
3.576911216635920477e-13 2.110396258730945518e-13 5.830869704063715804e-13
3.116451236649493259e-13 1.838722261975499746e-13 5.080254237285506886e-13
2.715266311199083592e-13 1.602021093374701582e-13 4.426266269705208974e-13
2.365726574192067088e-13 1.395790857731419279e-13 3.856466957517393558e-13
2.061183464706398854e-13 1.216108760933977663e-13 3.360018750888113532e-13
1.795844515945111658e-13 1.059557463536953475e-13 2.927478892792644191e-13
1.564663067600303084e-13 9.231592600323125588e-14 2.550620580758630707e-13
1.363241930998358530e-13 8.043197217460783841e-14 2.222275967745075312e-13
1.187749915069615230e-13 7.007785587826852359e-14 1.936199546214784623e-13
1.034849271885947129e-13 6.105664270674191688e-14 1.686950095472278741e-13
9.016317565241565490e-14 5.319673771656207191e-14 1.469786581782935430e-13
7.855635439122340671e-14 4.634864898966494047e-14 1.280579103230162474e-13
6.844368794091713447e-14 4.038212731323548244e-14 1.115728448898369980e-13
5.963283417897926286e-14 3.518368197800548615e-14 9.720991255230526128e-14
5.195622020279509114e-14 3.065443932965549628e-14 8.469595425242823618e-14
4.526782712354238219e-14 2.670825611013500936e-14 7.379293554236181680e-14
3.944043894171776689e-14 2.327006938962093971e-14 6.429347562798939277e-14
3.436321900970068495e-14 2.027448308911437809e-14 5.601688599233670511e-14
2.993959891528854975e-14 1.766452284637618641e-14 4.880576106380965415e-14
2.608543428800321867e-14 1.539054557574144563e-14 4.252292983681605103e-14
2.272742146174235251e-14 1.340930068859952682e-14 3.704889583973063293e-14
1.980169006380281138e-14 1.168310354276663796e-14 3.227954099241812190e-14
1.725259124616262827e-14 1.017912263735761805e-14 2.812415098436739102e-14
1.503164212724859462e-14 8.868750979327087663e-15 2.450369089292375777e-14
1.309659762866288026e-14 7.727065413196649365e-15 2.134929767627311388e-14
1.141065425668873521e-14 6.732349648261633662e-15 1.860097437511127337e-14
9.941745638498852399e-15 5.865685153945697015e-15 1.620644659122547522e-14
8.661930571369759751e-15 5.110587553355078806e-15 1.412016911013483231e-14
7.546868276778890626e-15 4.452694960610841106e-15 1.230246143529649936e-14
6.575349768947952107e-15 3.879493854195824496e-15 1.071875024308110772e-14
5.728895954079118887e-15 3.380081728013010423e-15 9.338911175484130952e-15
4.991407294217547880e-15 2.944959695425343633e-15 8.136700870933280535e-15
4.348857073555236713e-15 2.565851254760357313e-15 7.089252692575449498e-15
3.789022959052942158e-15 2.235546078824624985e-15 6.176644874531467927e-15
3.301257234531824493e-15 1.947761434970585801e-15 5.381517957867171267e-15
2.876281869199080891e-15 1.697023510625726316e-15 4.688749099314063039e-15
2.506014676610021539e-15 1.478563525736656521e-15 4.085160503639734216e-15
2.183412345879192663e-15 1.288226167642264882e-15 3.559272975066293708e-15
1.902338876052983241e-15 1.122391201467196346e-15 3.101082976091960741e-15
1.657448418245464909e-15 9.779043697310958327e-16 2.701876653599896776e-15
1.444082809901206093e-15 8.520174863857040410e-16 2.354060737216081566e-15
1.258184275124647995e-15 7.423361612791890859e-16 2.051019599132002560e-15
1.096216561134001081e-15 6.467742545625142874e-16 1.786989186176388058e-15
9.550991554475500121e-16 5.635141605526389728e-16 1.556947824135990414e-15
8.321480434361591633e-16 4.909722101431824600e-16 1.356519913232941137e-15
7.250245228486404985e-16 4.277687178229716170e-16 1.181893367849923460e-15
6.316912222187333130e-16 3.727015358474802138e-16 1.029746914198610783e-15
5.503728112739278218e-16 3.247232103510754391e-16 8.971863928401206819e-16
4.795226355890370824e-16 2.829211943695553334e-16 7.816904926031127952e-16
4.177930479684920910e-16 2.465003831666279849e-16 6.810624561405915189e-16
3.640100052848572011e-16 2.147680903492271804e-16 5.933883732468718720e-16
3.171505326518036486e-16 1.871207183168265819e-16 5.170006875099230754e-16
2.763233392952900051e-16 1.630324311054790203e-16 4.504464897534708044e-16
2.407518989105581622e-16 1.420450594747638001e-16 3.924599110564653398e-16
2.097595916563018776e-16 1.237594041164946173e-16 3.419380229254416120e-16
1.827569551799667004e-16 1.078276881669090526e-16 2.979198891650854321e-16
1.592304048557470233e-16 9.394689243132558626e-17 2.595682718104478680e-16
1.387324587807497874e-16 8.185297924551301324e-17 2.261537067570591907e-16
1.208732424080241312e-16 7.131593388283532463e-17 1.970406173312362800e-16
1.053130713921351520e-16 6.213534506766875708e-17 1.716753236187103873e-16
9.175597046540823416e-17 5.413658976178315575e-17 1.495753314301201513e-16
7.994409279937519212e-17 4.716751854940484451e-17 1.303203037520138485e-16
6.965278510889814269e-17 4.109558534063554221e-17 1.135439919255007434e-16
6.068629257472621302e-17 3.580529994621018033e-17 9.892733390111823699e-17
5.287406803901682148e-17 3.119603906906203328e-17 8.619229302429254524e-17
4.606752255709058308e-17 2.718013277326870783e-17 7.509665062420413953e-17
4.013719064631885296e-17 2.368119829021639981e-17 6.542936140590424651e-17
3.497027764879749280e-17 2.063268561651393578e-17 5.700655458510908885e-17
3.046850923050287112e-17 1.797661268773881088e-17 4.966802673530831296e-17
2.654625931995110421e-17 1.566246050679143881e-17 4.327419672596386283e-17
2.312892686513672884e-17 1.364621193518458047e-17 3.770345166086227968e-17
2.015151105267051569e-17 1.188951637453369623e-17 3.284983938478483780e-17
1.755738054593280032e-17 1.035896256551396673e-17 2.862103646755858868e-17
1.529719675359028799e-17 9.025439509957966581e-18 2.493661536246714058e-17
1.332796891255855888e-17 7.863583294502194735e-18 2.172648929200399760e-17
1.161224172594080835e-17 6.851292783578826596e-18 1.892960891402770295e-17
1.011738371312734363e-17 5.969317143875036944e-18 1.649277599175080905e-17
8.814959239852157978e-18 5.200879284526128700e-18 1.436963923425485468e-17
7.680199038818460668e-18 4.531362982939707312e-18 1.251981602720628892e-17
6.691516643221019784e-18 3.948034815557765226e-18 1.090812376210025895e-17
5.830109240756177986e-18 3.439799042230174898e-18 9.503906693950958249e-18
5.079592221773877193e-18 2.996989331985224352e-18 8.280456105836800616e-18
4.425690007754808288e-18 2.611183074983256504e-18 7.214502304913159655e-18
3.855965387378426963e-18 2.275042353571680260e-18 6.285770304056177748e-18
3.359582176467685437e-18 1.982173241472173351e-18 5.476594375688764215e-18
2.927098795086047581e-18 1.727005467559214574e-18 4.771585183278742421e-18
2.770067061108349981e-18 1.634355648527094374e-18 4.515601159518919737e-18
2.770067061108349981e-18 1.634355648527094374e-18 4.515601159518919737e-18
2.770067061108349981e-18 1.634355648527094374e-18 4.515601159518919737e-18
2.770067061108349981e-18 1.634355648527094374e-18 4.515601159518919737e-18
2.770067061108349981e-18 1.634355648527094374e-18 4.515601159518919737e-18
2.770067061108349981e-18 1.634355648527094374e-18 4.515601159518919737e-18
2.770067061108349981e-18 1.634355648527094374e-18 4.515601159518919737e-18
2.770067061108349981e-18 1.634355648527094374e-18 4.515601159518919737e-18
2.770067061108349981e-18 1.634355648527094374e-18 4.515601159518919737e-18
2.770067061108349981e-18 1.634355648527094374e-18 4.515601159518919737e-18
2.770067061108349981e-18 1.634355648527094374e-18 4.515601159518919737e-18
2.770067061108349981e-18 1.634355648527094374e-18 4.515601159518919737e-18
2.770067061108349981e-18 1.634355648527094374e-18 4.515601159518919737e-18
2.770067061108349981e-18 1.634355648527094374e-18 4.515601159518919737e-18
2.770067061108349981e-18 1.634355648527094374e-18 4.515601159518919737e-18
2.770067061108349981e-18 1.634355648527094374e-18 4.515601159518919737e-18
2.770067061108349981e-18 1.634355648527094374e-18 4.515601159518919737e-18
2.770067061108349981e-18 1.634355648527094374e-18 4.515601159518919737e-18
2.770067061108349981e-18 1.634355648527094374e-18 4.515601159518919737e-18
2.770067061108349981e-18 1.634355648527094374e-18 4.515601159518919737e-18
2.770067061108349981e-18 1.634355648527094374e-18 4.515601159518919737e-18
2.770067061108349981e-18 1.634355648527094374e-18 4.515601159518919737e-18
2.770067061108349981e-18 1.634355648527094374e-18 4.515601159518919737e-18
2.770067061108349981e-18 1.634355648527094374e-18 4.515601159518919737e-18
2.770067061108349981e-18 1.634355648527094374e-18 4.515601159518919737e-18
2.770067061108349981e-18 1.634355648527094374e-18 4.515601159518919737e-18
2.770067061108349981e-18 1.634355648527094374e-18 4.515601159518919737e-18
2.770067061108349981e-18 1.634355648527094374e-18 4.515601159518919737e-18
2.770067061108349981e-18 1.634355648527094374e-18 4.515601159518919737e-18
2.770067061108349981e-18 1.634355648527094374e-18 4.515601159518919737e-18
2.770067061108349981e-18 1.634355648527094374e-18 4.515601159518919737e-18
2.770067061108349981e-18 1.634355648527094374e-18 4.515601159518919737e-18
2.770067061108349981e-18 1.634355648527094374e-18 4.515601159518919737e-18
2.770067061108349981e-18 1.634355648527094374e-18 4.515601159518919737e-18
2.770067061108349981e-18 1.634355648527094374e-18 4.515601159518919737e-18
2.770067061108349981e-18 1.634355648527094374e-18 4.515601159518919737e-18
2.770067061108349981e-18 1.634355648527094374e-18 4.515601159518919737e-18
2.770067061108349981e-18 1.634355648527094374e-18 4.515601159518919737e-18
2.770067061108349981e-18 1.634355648527094374e-18 4.515601159518919737e-18
2.770067061108349981e-18 1.634355648527094374e-18 4.515601159518919737e-18
2.770067061108349981e-18 1.634355648527094374e-18 4.515601159518919737e-18
2.770067061108349981e-18 1.634355648527094374e-18 4.515601159518919737e-18
2.770067061108349981e-18 1.634355648527094374e-18 4.515601159518919737e-18
2.770067061108349981e-18 1.634355648527094374e-18 4.515601159518919737e-18
2.770067061108349981e-18 1.634355648527094374e-18 4.515601159518919737e-18
2.770067061108349981e-18 1.634355648527094374e-18 4.515601159518919737e-18
2.770067061108349981e-18 1.634355648527094374e-18 4.515601159518919737e-18
2.770067061108349981e-18 1.634355648527094374e-18 4.515601159518919737e-18
2.770067061108349981e-18 1.634355648527094374e-18 4.515601159518919737e-18
2.770067061108349981e-18 1.634355648527094374e-18 4.515601159518919737e-18
2.770067061108349981e-18 1.634355648527094374e-18 4.515601159518919737e-18
2.770067061108349981e-18 1.634355648527094374e-18 4.515601159518919737e-18
2.770067061108349981e-18 1.634355648527094374e-18 4.515601159518919737e-18
2.770067061108349981e-18 1.634355648527094374e-18 4.515601159518919737e-18
2.770067061108349981e-18 1.634355648527094374e-18 4.515601159518919737e-18
2.770067061108349981e-18 1.634355648527094374e-18 4.515601159518919737e-18
2.770067061108349981e-18 1.634355648527094374e-18 4.515601159518919737e-18
2.770067061108349981e-18 1.634355648527094374e-18 4.515601159518919737e-18
2.770067061108349981e-18 1.634355648527094374e-18 4.515601159518919737e-18
2.770067061108349981e-18 1.634355648527094374e-18 4.515601159518919737e-18
2.770067061108349981e-18 1.634355648527094374e-18 4.515601159518919737e-18
2.770067061108349981e-18 1.634355648527094374e-18 4.515601159518919737e-18
2.770067061108349981e-18 1.634355648527094374e-18 4.515601159518919737e-18
2.770067061108349981e-18 1.634355648527094374e-18 4.515601159518919737e-18
2.770067061108349981e-18 1.634355648527094374e-18 4.515601159518919737e-18
2.770067061108349981e-18 1.634355648527094374e-18 4.515601159518919737e-18
2.770067061108349981e-18 1.634355648527094374e-18 4.515601159518919737e-18
2.770067061108349981e-18 1.634355648527094374e-18 4.515601159518919737e-18
2.770067061108349981e-18 1.634355648527094374e-18 4.515601159518919737e-18
2.770067061108349981e-18 1.634355648527094374e-18 4.515601159518919737e-18
