2.997726737310068046e+01 4.503727207297836088e+01 6.003489425980941974e+01
2.975029116627595016e+01 4.494312403148237678e+01 5.992768003161287993e+01
2.937096498582199544e+01 4.440199806715548903e+01 5.933515558238565291e+01
2.892339169520233355e+01 4.343241898808661006e+01 5.825088008235508141e+01
2.847254220007727810e+01 4.203883333569135772e+01 5.668921356947134171e+01
2.803663436841985401e+01 4.022289179869992637e+01 5.467468923426577021e+01
2.755076492495250307e+01 3.802700875390227253e+01 5.232153300173992960e+01
2.690847974452376334e+01 3.554436057161601070e+01 4.980219757379586554e+01
2.604236949472805662e+01 3.288570791094809209e+01 4.724679911626854789e+01
2.493842753010544655e+01 3.015883582771088811e+01 4.472928100893962267e+01
2.362264295444823148e+01 2.745731155872187301e+01 4.228712573242285799e+01
2.214562947578415120e+01 2.485454299427644997e+01 3.993680892624090006e+01
2.056940572085852281e+01 2.240300765860961008e+01 3.768566036034903988e+01
1.895859255454339021e+01 2.013577106276856910e+01 3.553660507117641743e+01
1.737431760888844678e+01 1.806919122637242481e+01 3.349125168649082696e+01
1.586848365683919226e+01 1.620674135961385076e+01 3.154983289337364027e+01
1.447997501089529848e+01 1.454165815739506229e+01 2.971003290752756243e+01
1.323114693303484124e+01 1.305936327730483626e+01 2.796837059546647453e+01
1.212672781050639514e+01 1.174045532162658745e+01 2.631930340286282544e+01
1.115661728824204246e+01 1.056442900357869874e+01 2.475649596235916761e+01
1.030101330294646189e+01 9.511642622770395405e+00 2.327445833446165224e+01
9.537224695197899393e+00 8.565742431586516048e+00 2.186864076289137415e+01
8.845601671767427732e+00 7.713107534691807210e+00 2.053495600486271755e+01
8.210838014699028520e+00 6.942699301270232937e+00 1.927051005921535420e+01
7.622720927105532951e+00 6.246186444169905094e+00 1.807202146355447070e+01
7.074357049722467039e+00 5.616453131458730930e+00 1.693707848284180528e+01
6.561285058320367902e+00 5.047156290021264091e+00 1.586353123859492875e+01
6.080537648829117181e+00 4.532806493775356493e+00 1.484900065531935631e+01
5.629793515123965086e+00 4.068561248518293816e+00 1.389100439874926174e+01
5.207582433167253555e+00 3.649943659499366166e+00 1.298745182722105618e+01
4.812526450966261748e+00 3.272652985016654359e+00 1.213607908879891539e+01
4.443280435964506836e+00 2.932846353168712117e+00 1.133459454754389029e+01
4.098808965018925221e+00 2.627272868824960472e+00 1.058102356208255479e+01
3.777578685166775863e+00 2.352683282989875835e+00 9.873121142844762943e+00
3.478256781749365256e+00 2.106030416333066313e+00 9.208807656667707064e+00
3.199831519246522760e+00 1.884723809750204593e+00 8.585699253292583322e+00
2.941232811940325487e+00 1.686248265238023292e+00 8.001692603732699638e+00
2.701182696066000144e+00 1.508342403684314270e+00 7.454823567683834362e+00
2.478569126423994184e+00 1.349061089324600449e+00 6.942892759695897809e+00
2.272383953479546026e+00 1.206635224500827830e+00 6.463975275793413466e+00
2.081723412968481846e+00 1.079122402927276791e+00 6.016091778977241233e+00
1.905602385847496416e+00 9.651769371904538319e-01 5.597404311670150179e+00
1.743139997025503041e+00 8.634598347082671488e-01 5.206163023786422706e+00
1.593200171772068297e+00 7.727548314606077495e-01 4.840818402430189238e+00
1.455087033796418572e+00 6.920241178827289952e-01 4.500003873492599560e+00
1.328032780144167369e+00 6.200032852520120930e-01 4.182082944390412393e+00
1.211032690353931685e+00 5.557763192614062486e-01 3.885684017922180100e+00
1.103367147667300818e+00 4.986432311459545463e-01 3.609126017298156075e+00
1.004538067989386052e+00 4.478637332239561730e-01 3.351304599321375921e+00
9.139283600959229314e-01 4.029236473372073690e-01 3.111037935840685886e+00
8.307143576185208600e-01 3.630393799823971035e-01 2.886794184907977456e+00
7.545624084567545964e-01 3.276270501599869989e-01 2.677675400893722912e+00
6.849320057358437852e-01 2.964876120909551438e-01 2.482998760666298654e+00
6.210966255257226454e-01 2.690491996573490807e-01 2.301740684736770071e+00
5.623725497655317485e-01 2.447289842642466351e-01 2.132872073664276780e+00
5.087802342229404973e-01 2.232337626907774097e-01 1.975430433616774950e+00
4.599261959639822650e-01 2.046913314131399153e-01 1.828656178751156380e+00
4.152475458691561871e-01 1.885219209847118216e-01 1.692208752981083197e+00
3.744110640491349340e-01 1.742182425471406892e-01 1.565136871836441790e+00
3.372663763604695220e-01 1.615944887840514710e-01 1.446637952891363321e+00
3.034911630543748462e-01 1.508054470107901834e-01 1.336423439778684497e+00
2.726114673897094276e-01 1.416272935131483723e-01 1.233724905627696655e+00
2.444834860494762008e-01 1.335152352888318572e-01 1.138161526212342567e+00
2.189134929690161047e-01 1.264404169660499067e-01 1.049243076775103090e+00
1.955038458745611551e-01 1.204230885713039878e-01 9.663850692084392513e-01
1.745018990221688104e-01 1.153990395100016053e-01 8.893006595619955545e-01
1.556151575701519574e-01 1.110693224869641338e-01 8.174986267083639291e-01
1.384968419069392553e-01 1.073907994257591869e-01 7.504581349173929938e-01
1.230759166985591485e-01 1.043792192614426684e-01 6.880948804590180101e-01
1.089416525478950348e-01 1.019729000384209661e-01 6.299375723938763771e-01
9.620401184579341347e-02 1.000555897645441505e-01 5.757139389152446940e-01
8.488829906488398747e-02 9.850834722463285009e-02 5.252931992888359991e-01
7.452286273248359683e-02 9.739893227861136371e-02 4.784311613857385459e-01
6.496629622643763924e-02 9.675999140106178453e-02 4.347046518288370520e-01
5.645950822651833040e-02 9.642873280034436334e-02 3.941420989348107251e-01
4.887062009733478957e-02 9.637634415858550851e-02 3.561268121552857990e-01
4.219175862291766471e-02 9.638772779291095161e-02 3.206300954747662857e-01
3.626587412708871111e-02 9.660809073646943468e-02 2.875740050434215656e-01
3.077119237646084443e-02 9.709183936579730834e-02 2.568855409672660128e-01
2.592356775470322505e-02 9.766935478377020141e-02 2.285202356330966744e-01
2.162598722452114056e-02 9.840435900168903460e-02 2.020158374419495639e-01
1.784757644577756805e-02 9.918678054430452029e-02 1.772876198621395893e-01
1.446426908414137624e-02 1.002566419966485906e-01 1.541673264095511919e-01
1.134256648515339326e-02 1.014635312698120434e-01 1.326247683432005275e-01
8.397047404175852006e-03 1.025234471855628882e-01 1.126737478977043599e-01
5.817318223535459382e-03 1.035756613075513033e-01 9.404214934655989733e-02
3.651013729131505001e-03 1.045937374168071504e-01 7.654657985598746495e-02
1.835602770296142173e-03 1.055755255177856233e-01 6.009177336323727470e-02
4.217383805380351173e-04 1.065596786996588496e-01 4.495263423042256123e-02
-8.349188501504540812e-04 1.075407000193563251e-01 3.100533514964153373e-02
-1.877154379297975859e-03 1.085395793951217519e-01 1.780035808767905028e-02
-2.608823370429838844e-03 1.096131586904514066e-01 5.512171431041828704e-03
-3.394238656805685303e-03 1.106860969540681555e-01 -5.993028165536834311e-03
-4.071509173691825745e-03 1.117501767367281296e-01 -1.701455342863762710e-02
-4.696711175034570286e-03 1.127796295418811989e-01 -2.734348518863471966e-02
-5.292451551743401934e-03 1.135831592582422361e-01 -3.672445765802157674e-02
-5.757992711942028739e-03 1.143318146020508574e-01 -4.533366593988522736e-02
-6.070741084462867414e-03 1.150538462281715524e-01 -5.327467460164809349e-02
-6.212917365015824950e-03 1.158018114018027067e-01 -6.061248537904750933e-02
-6.203665232589805623e-03 1.165319726272506379e-01 -6.763277470764755828e-02
-6.197651038433667041e-03 1.173193212718695588e-01 -7.433665754269395964e-02
-6.411914842626573879e-03 1.181986703907959846e-01 -8.052032048106196049e-02
-6.644074249073794389e-03 1.191883255066776975e-01 -8.599787857232260579e-02
-6.597208536820517097e-03 1.200977672061957630e-01 -9.104643059743708355e-02
-6.371777320803562877e-03 1.209022487133842305e-01 -9.575961911830825624e-02
-6.257075849416176248e-03 1.216250980228881645e-01 -1.001967851702784684e-01
-6.054852085747756442e-03 1.222452951892386147e-01 -1.045620996663443880e-01
-5.829435516218213140e-03 1.225654000042192271e-01 -1.085558859612762300e-01
-5.598379458742851547e-03 1.228861380693568456e-01 -1.122973698762045058e-01
-5.328062849689602261e-03 1.233842551301738144e-01 -1.159313794386562374e-01
-5.042937176880387881e-03 1.239067075577918314e-01 -1.191687437608830585e-01
-4.873406474390569627e-03 1.244573931873034084e-01 -1.222041384007664239e-01
-4.786704672501779223e-03 1.249479790401010759e-01 -1.251566306456410593e-01
-4.696875518732714430e-03 1.254997684997943563e-01 -1.279452016394697078e-01
-4.561488128021338150e-03 1.262201131611933314e-01 -1.305071535565902052e-01
-4.480086096668833839e-03 1.270648823584689946e-01 -1.329825501014027522e-01
-4.368315805379212324e-03 1.277440254261860697e-01 -1.352721034668177280e-01
-4.117227093639880785e-03 1.283383053083572978e-01 -1.373639132451121569e-01
-3.932334244590395683e-03 1.288127391739905259e-01 -1.394042161464946750e-01
-3.816203861836071042e-03 1.292547488286069635e-01 -1.412851591288910025e-01
-3.621642760837042677e-03 1.296878717842290807e-01 -1.429596506518107657e-01
-3.365436879069135488e-03 1.300671843608931511e-01 -1.444568478763210151e-01
-3.229548849486595270e-03 1.303175192285262463e-01 -1.458292725777592114e-01
-3.000479231507552618e-03 1.305863099895958335e-01 -1.470574930195440166e-01
-2.748880353115045871e-03 1.307910715805361557e-01 -1.482160225859027736e-01
-2.436025267749203967e-03 1.310268309907929307e-01 -1.493699753692210030e-01
-2.161954379592818335e-03 1.313125940171148143e-01 -1.505061325115218118e-01
-1.968334940812616583e-03 1.315955631460589970e-01 -1.516355418073617178e-01
-1.748463523554090286e-03 1.319019572150686992e-01 -1.526651929135284524e-01
-1.624640018954499757e-03 1.321462968069015975e-01 -1.536727016693687775e-01
-1.494882490737425851e-03 1.324654248502752096e-01 -1.546612159565189382e-01
-1.359699209599821244e-03 1.327997901330340569e-01 -1.555749171741104275e-01
-1.255498810837978865e-03 1.330593683653464587e-01 -1.563721153613885917e-01
-1.232683992038635309e-03 1.333354508203556665e-01 -1.570848465511151260e-01
-1.349262148197807269e-03 1.334943571656069250e-01 -1.577931655263074828e-01
-1.489188684321954585e-03 1.336447701905171814e-01 -1.583388269002006521e-01
-1.520342660242332425e-03 1.337498360914369799e-01 -1.588362974900393298e-01
-1.557065369378914663e-03 1.338361803166943642e-01 -1.593366966461959577e-01
-1.505084074502970265e-03 1.339063789703632268e-01 -1.598067402083152011e-01
-1.381651747470127043e-03 1.339666588998424668e-01 -1.602819005883261705e-01
-1.297121525292525878e-03 1.340324621944171957e-01 -1.607771458236359197e-01
-1.280463124846673061e-03 1.341226930628292846e-01 -1.612800619973604188e-01
-1.206590601521394983e-03 1.343070499993189448e-01 -1.616350079420736108e-01
-1.131209233905803788e-03 1.344120826984044892e-01 -1.619619388702966956e-01
-1.023256642865396715e-03 1.344203124049667686e-01 -1.623370043850774769e-01
-9.224834889725873387e-04 1.344446798900144069e-01 -1.627026431321493549e-01
-7.691668659926563295e-04 1.344992138385126823e-01 -1.630153621789010299e-01
-6.159550003697250370e-04 1.345013206214492052e-01 -1.634206225840952598e-01
-4.773231244428434916e-04 1.344908274336543141e-01 -1.638480650709522035e-01
-3.165842742237844846e-04 1.344900792800459433e-01 -1.641667032810223692e-01
-7.603857706196878589e-05 1.344940445007301866e-01 -1.643962996721577141e-01
1.264958702648112925e-04 1.344391795653890609e-01 -1.647062030358296958e-01
2.125268757817274571e-04 1.344214338125039321e-01 -1.649752419561077987e-01
2.696487815852516420e-04 1.344353323348707052e-01 -1.651201832641647493e-01
3.176721892021733143e-04 1.344354633489578121e-01 -1.652986644600574206e-01
3.415868146838719642e-04 1.344365227954781861e-01 -1.653990639997456324e-01
4.076190449383804517e-04 1.344238609225182624e-01 -1.655287812941603487e-01
4.869231952925761643e-04 1.343989333365815941e-01 -1.656613155662336745e-01
5.274013563184250025e-04 1.343496223959285141e-01 -1.657581459550101777e-01
5.766180323407106090e-04 1.342844103870358685e-01 -1.659045852954516287e-01
5.752465139635483306e-04 1.342009154361199497e-01 -1.659892136241252480e-01
5.622436917145443979e-04 1.341267887758379740e-01 -1.661419432889352510e-01
5.854954995879816651e-04 1.341199113564850998e-01 -1.662265472022352863e-01
5.855718021691003585e-04 1.341176567032860978e-01 -1.662472912595958363e-01
6.614371123057818241e-04 1.340875706445151527e-01 -1.664119443770615825e-01
7.204458182835650438e-04 1.340826157218544812e-01 -1.664217383986833776e-01
9.184043514473932664e-04 1.341434267108451428e-01 -1.664195957601668219e-01
1.138987049336356123e-03 1.341876896793131879e-01 -1.664035392386996604e-01
1.276613364776631654e-03 1.342038314316617020e-01 -1.664342228476554941e-01
1.314533702245914738e-03 1.341947984722050291e-01 -1.664190060262286663e-01
1.358779832439732009e-03 1.341835416634303835e-01 -1.664259679579270790e-01
1.377917189393385727e-03 1.341630363276205828e-01 -1.664509763379181384e-01
1.372368948238900706e-03 1.341602430139456070e-01 -1.664409646871267412e-01
1.310038976052269521e-03 1.342015686503088834e-01 -1.664028725456829505e-01
1.314050404797878577e-03 1.342295770942105448e-01 -1.664418841402171834e-01
1.338058672567856919e-03 1.341974583854213532e-01 -1.664986077394954578e-01
1.310029179306328347e-03 1.341489403634467115e-01 -1.665155165456156106e-01
1.276487909107195968e-03 1.341247627832642397e-01 -1.665638752450851467e-01
1.208186585767701254e-03 1.340977409561500411e-01 -1.666086314329850993e-01
1.188755255577717300e-03 1.341101884254324861e-01 -1.666920081456333136e-01
1.104569504502233516e-03 1.341076029555255400e-01 -1.666685543619806087e-01
1.086083592067083351e-03 1.340231460447846024e-01 -1.666384367809809197e-01
1.043574026275955824e-03 1.339297327011627348e-01 -1.666091448668458319e-01
1.036960688633316134e-03 1.338659089753533593e-01 -1.666288802347888065e-01
1.047716629802784762e-03 1.338312350308352439e-01 -1.666745826982341527e-01
1.045727343217674968e-03 1.338588657174289431e-01 -1.666610002355985998e-01
9.949143578039660978e-04 1.339286293848992726e-01 -1.666317129247275597e-01
1.022138046876369449e-03 1.339728791739457359e-01 -1.666946004842608797e-01
1.067807060512563754e-03 1.339536427525172824e-01 -1.666960678229861825e-01
1.093935879353982949e-03 1.339606754754252560e-01 -1.666334830361409780e-01
1.077939721312468286e-03 1.340233183259797178e-01 -1.665792769237095794e-01
1.139294278936833814e-03 1.340561927447469215e-01 -1.666128060561152813e-01
1.245010977424696906e-03 1.340350948355825411e-01 -1.666082338332205981e-01
1.327449878003577905e-03 1.340655643124267771e-01 -1.665986588848979710e-01
1.307743541156873319e-03 1.340921410900382804e-01 -1.664769736506289954e-01
1.347823670277539148e-03 1.340583597422748685e-01 -1.663452460244896070e-01
1.472947266489301604e-03 1.340168626062064883e-01 -1.664155346536283775e-01
1.513345294798977255e-03 1.339634421069496317e-01 -1.664890056981760680e-01
1.495646613438477313e-03 1.339156559274720382e-01 -1.665239624833134702e-01
1.464132318640254090e-03 1.338713048357028645e-01 -1.665711761358619758e-01
1.421045213844086006e-03 1.338436327599407116e-01 -1.666010208800418058e-01
1.309965461374947970e-03 1.338508380173365209e-01 -1.665888450158035106e-01
1.226953268771124308e-03 1.338193417288047748e-01 -1.666583701901471481e-01
1.099779703446722694e-03 1.337497571344862246e-01 -1.666416527469087860e-01
1.052233932806745115e-03 1.338368982119804984e-01 -1.666515228452207231e-01
1.027504001811716406e-03 1.339417223346234809e-01 -1.666020158384530769e-01
1.098002154244401589e-03 1.339366842861111073e-01 -1.665456292525567816e-01
1.149891244452997232e-03 1.338771257105120793e-01 -1.663743749842168662e-01
1.187701563947854986e-03 1.338600360985902626e-01 -1.662570255007830566e-01
1.208430800926513617e-03 1.338798162868691799e-01 -1.662638933674002173e-01
1.191124145730301743e-03 1.338741581525810798e-01 -1.663047607437211362e-01
1.260772026589299186e-03 1.338551803147971231e-01 -1.663398999480407148e-01
1.318652465286467360e-03 1.338494799354070230e-01 -1.663528407822563726e-01
1.256468467217201727e-03 1.338797861571125458e-01 -1.663236200939823550e-01
1.259030029673984582e-03 1.338910279487049160e-01 -1.663689931065985839e-01
1.241053782526419088e-03 1.338522604938170435e-01 -1.663724402594044527e-01
1.210077983058696236e-03 1.338271991524149773e-01 -1.663600242147198482e-01
1.157859203690646613e-03 1.338732989861345923e-01 -1.663500251085354709e-01
1.163360245895853377e-03 1.339325216200361601e-01 -1.663816481497975286e-01
1.198139579866262187e-03 1.339402084452860076e-01 -1.663871049652344558e-01
1.209419790245900824e-03 1.339261315856886680e-01 -1.663631057349776454e-01
1.158460830717720135e-03 1.339390791161866046e-01 -1.663360590901712677e-01
1.124126349783167739e-03 1.339543766833422855e-01 -1.663685157218407484e-01
1.043944921697495011e-03 1.339181278768945271e-01 -1.663017609298886035e-01
9.994313220907955018e-04 1.338943938084356244e-01 -1.662291382300370435e-01
1.050210852659173074e-03 1.338927588053854811e-01 -1.663208445562480708e-01
1.069297258721739431e-03 1.338708394243239563e-01 -1.663684911517114562e-01
1.066894867331008318e-03 1.338622651694003352e-01 -1.663590701309807240e-01
1.015368165526356727e-03 1.339093643895278019e-01 -1.663704827459774049e-01
1.026969753468124670e-03 1.339637623466294059e-01 -1.664050343188999137e-01
1.064106416406668254e-03 1.339622942715503473e-01 -1.664182578182141770e-01
1.111012975428696129e-03 1.339360524220587767e-01 -1.664347876052183206e-01
1.134057032354656661e-03 1.338825376683822344e-01 -1.664518095744948467e-01
1.120593632774232557e-03 1.338428966409931919e-01 -1.664420819439545729e-01
1.106511930854346855e-03 1.338477998042877648e-01 -1.664151850749680528e-01
1.123864625546486164e-03 1.338791108280425468e-01 -1.664290126256167679e-01
1.164765258200536587e-03 1.338695796607822230e-01 -1.664538197108914874e-01
1.216263312334627976e-03 1.339225718296505330e-01 -1.665441532177135975e-01
1.187730380971822788e-03 1.339757344610548462e-01 -1.665188139300964876e-01
1.205861890910176924e-03 1.339631952568614282e-01 -1.664733450444898788e-01
1.235902739492361971e-03 1.339352168561027956e-01 -1.665028083827248262e-01
1.179848455923440979e-03 1.339428087028103065e-01 -1.665283427123837312e-01
1.241021995212459239e-03 1.339317136459000912e-01 -1.665861103898865214e-01
1.284490196037654970e-03 1.338801841981546725e-01 -1.665176723369315714e-01
1.307399521648803901e-03 1.338439991761064263e-01 -1.664651918856726864e-01
1.309885328683080752e-03 1.338681547724668019e-01 -1.664696239212948292e-01
1.202911624319422633e-03 1.339264339526373693e-01 -1.664429924370543212e-01
1.173865888022137226e-03 1.339514488136421544e-01 -1.664907831871675625e-01
1.169010532145604766e-03 1.339132359698286534e-01 -1.664910974155152379e-01
1.183914561454977232e-03 1.338885081831535651e-01 -1.664821900845360469e-01
1.142509513633735039e-03 1.338632755587594036e-01 -1.664230979272563193e-01
1.126072723494325311e-03 1.338792411914470348e-01 -1.664029618450394987e-01
1.140230454415777249e-03 1.339167205958697315e-01 -1.663354906876417516e-01
1.179472544880675721e-03 1.339393425047969988e-01 -1.662778404483127304e-01
1.190688594391099784e-03 1.339636721822886345e-01 -1.662856310506531932e-01
1.150768522207990755e-03 1.339669581239879281e-01 -1.663357834808184832e-01
1.177040593893659368e-03 1.339748037056700813e-01 -1.663921764878419640e-01
1.210767350888830108e-03 1.339519561179784712e-01 -1.664034215031919561e-01
1.252590818769382846e-03 1.339321650197492219e-01 -1.664159566480652441e-01
1.260289341437864034e-03 1.339332208227725085e-01 -1.664474084458703873e-01
1.182773370828602011e-03 1.339771294907564358e-01 -1.664556157370496725e-01
1.186595339366839676e-03 1.339728412275346392e-01 -1.665249357230046690e-01
1.151905544006331678e-03 1.339051499253622601e-01 -1.664921712666361242e-01
1.109982389021747567e-03 1.338763028139887401e-01 -1.664348927460536365e-01
1.056248318815505328e-03 1.339107455268301605e-01 -1.664153401734378146e-01
1.089742702731867153e-03 1.339221158148252988e-01 -1.664722885699573829e-01
1.119104032342638005e-03 1.338814652852115261e-01 -1.664832749091145758e-01
1.150648134270154449e-03 1.338642772140370418e-01 -1.664811905618964749e-01
1.173271725802815888e-03 1.338287726861122073e-01 -1.664609930430764884e-01
1.187336009837304572e-03 1.338434266878310852e-01 -1.664428669332704003e-01
1.129924251629182801e-03 1.338759009133203282e-01 -1.663435491849546699e-01
1.129061434496511900e-03 1.338523569727715634e-01 -1.662820898392372015e-01
1.136831921560081541e-03 1.338076823920738012e-01 -1.662905696351824891e-01
1.135729383786342585e-03 1.337971049635138243e-01 -1.663194364172054796e-01
1.113879643989437859e-03 1.338567408868607811e-01 -1.663431567937497246e-01
1.071596419507611772e-03 1.339356435288317215e-01 -1.663058754434022790e-01
1.090852965865140483e-03 1.339896969149508565e-01 -1.663309377901483754e-01
1.150689757412821576e-03 1.339960266542807865e-01 -1.663432140593210373e-01
1.197327674546320910e-03 1.339962122212741413e-01 -1.663713763452242811e-01
1.197472059300675904e-03 1.339554973614117683e-01 -1.663887184540003283e-01
1.159124925027762813e-03 1.339012447235054248e-01 -1.663957168735986369e-01
1.128219604807608259e-03 1.338489418469852588e-01 -1.664736670835560151e-01
1.092405176883200213e-03 1.337777695271641365e-01 -1.665723287646633799e-01
1.028696377830246207e-03 1.336824120715989217e-01 -1.666395550358173994e-01
9.602537181803616397e-04 1.336339127714903374e-01 -1.666790419051223382e-01
9.380330791585406256e-04 1.336702969473827496e-01 -1.667628424213529192e-01
8.505699121920418668e-04 1.336677962547509202e-01 -1.667479994914391750e-01
8.014995910203743558e-04 1.336421877934397262e-01 -1.667009980831636040e-01
7.592139260349919710e-04 1.336594450251722688e-01 -1.666702164650726570e-01
7.644824648839409435e-04 1.336879989343546238e-01 -1.666588035146587821e-01
7.852226059587703822e-04 1.336676249258953175e-01 -1.666360426228545577e-01
9.154457577729383389e-04 1.336293219953320344e-01 -1.667212345589870470e-01
9.274226828304777195e-04 1.335156854922260605e-01 -1.667068939630828306e-01
9.249279550664854001e-04 1.335940500607656067e-01 -1.666752519329751658e-01
9.911694474464321971e-04 1.337375485822826227e-01 -1.666523848144090547e-01
1.111159534697691740e-03 1.338084773830952867e-01 -1.667124326212882923e-01
1.191933166046358142e-03 1.338385755228298779e-01 -1.667235994984137271e-01
1.191981973296849960e-03 1.338336798492804347e-01 -1.666837024622830343e-01
1.203723425418659360e-03 1.338645321591414583e-01 -1.666857307611489536e-01
1.114278613862430736e-03 1.338800174946000732e-01 -1.665955935317791070e-01
1.070776658552222366e-03 1.338405805227966539e-01 -1.665371658684677292e-01
1.092855032513715243e-03 1.338040623476348390e-01 -1.666070139051096799e-01
9.762876953101204056e-04 1.337367969076864449e-01 -1.665706588734315596e-01
8.455328461091264148e-04 1.337088124229973696e-01 -1.665410510541157352e-01
8.762161111024152193e-04 1.337364486430227817e-01 -1.666029453635917423e-01
9.447492603797388649e-04 1.337341611562166410e-01 -1.666117898310735257e-01
9.827608430818678305e-04 1.337568243263983769e-01 -1.666225998313375367e-01
9.697019110151737856e-04 1.337762003650400100e-01 -1.665619402530419402e-01
1.028067653420724776e-03 1.337302386122254383e-01 -1.665085940756980409e-01
1.011954299199671137e-03 1.336589452175061254e-01 -1.664504384017039540e-01
9.735763937599276356e-04 1.336211812711215197e-01 -1.664513539370685302e-01
1.018936955925848912e-03 1.336526111779379744e-01 -1.665604762720269416e-01
1.067102904878829530e-03 1.336806756271159691e-01 -1.665921088099901193e-01
1.081585569893003156e-03 1.337123776125262453e-01 -1.666153511410030652e-01
1.048772268260903624e-03 1.337706823189684091e-01 -1.666147262198656720e-01
1.085935468395050289e-03 1.337560471302488563e-01 -1.666526822905669281e-01
1.069562552517457814e-03 1.336670649981521464e-01 -1.665870423322954041e-01
1.042945340949203315e-03 1.336128225755297827e-01 -1.665042351905000051e-01
1.007210589749123805e-03 1.336282560963487076e-01 -1.664564891421892179e-01
1.008387345690027947e-03 1.336930345594810887e-01 -1.664963913274047635e-01
1.025830543034957640e-03 1.337652468038861009e-01 -1.664992001765908669e-01
9.712546822196224368e-04 1.338443807674778718e-01 -1.664636119853574736e-01
9.643591800548950667e-04 1.339018204207415852e-01 -1.665152840560757130e-01
9.916581383158818309e-04 1.339134001012491915e-01 -1.665216125789222013e-01
1.022887637030887994e-03 1.339255746442087058e-01 -1.664800411374502132e-01
1.047483305707254094e-03 1.339600900430175656e-01 -1.665128202102411081e-01
9.891063335218102260e-04 1.339586144313775484e-01 -1.664413286627358102e-01
9.700603129801342334e-04 1.339264123601234258e-01 -1.663670948422855955e-01
1.003177600345017901e-03 1.339433328958870573e-01 -1.664076744296124066e-01
1.036425580468939732e-03 1.339571718505752351e-01 -1.664064327143540134e-01
1.070206441039033398e-03 1.339931948794204908e-01 -1.664110214183918135e-01
1.078260330245515985e-03 1.340354455190052863e-01 -1.663552824999514623e-01
1.148511714109819301e-03 1.340293406924160657e-01 -1.663126227123888912e-01
1.214001254118724686e-03 1.340201740436143263e-01 -1.663421810322970873e-01
1.202363605815707842e-03 1.340510733060519544e-01 -1.663948613308287861e-01
1.105588848101010007e-03 1.341175948555261010e-01 -1.664260979463373924e-01
1.132952540442762161e-03 1.341463695932346156e-01 -1.665065047117659236e-01
1.174094535213667098e-03 1.341137329048193438e-01 -1.664991221746499050e-01
1.222729060435527983e-03 1.341076193265214322e-01 -1.664672560136555013e-01
1.247131113100271400e-03 1.341370657914726650e-01 -1.664807583687367976e-01
1.203168137521014227e-03 1.341521242261844715e-01 -1.664676469822082838e-01
1.191598884053271436e-03 1.341556627424026760e-01 -1.664853091939692276e-01
1.134417075795628215e-03 1.341303995241739377e-01 -1.664493303342743369e-01
1.106793326748442986e-03 1.341030787320332540e-01 -1.664503517026635904e-01
1.089049061852912252e-03 1.340619493754765246e-01 -1.665115220665463469e-01
1.046564248478477855e-03 1.340403329847059399e-01 -1.665416343729030635e-01
1.032350551039430686e-03 1.340710095022897563e-01 -1.665591469079598652e-01
9.666795497536777131e-04 1.341502128134305638e-01 -1.665569760637469199e-01
9.921169569267567195e-04 1.342065248655746612e-01 -1.666159296893175712e-01
1.055180929473294952e-03 1.342175588965031641e-01 -1.666274761632299262e-01
1.031998024516532367e-03 1.342105359248743635e-01 -1.665693391705021231e-01
1.021637978709279138e-03 1.342237178877779824e-01 -1.665603891922375901e-01
9.567158813290968511e-04 1.342164220465035251e-01 -1.664979878153252102e-01
9.556264493084483044e-04 1.341527105392820440e-01 -1.664822848393744947e-01
9.838453767295274668e-04 1.340886760554284851e-01 -1.665157880417237057e-01
9.647684547497893280e-04 1.340563534995805328e-01 -1.665362560645127499e-01
9.448234524916387933e-04 1.340550748378849799e-01 -1.665982378560329491e-01
9.748165289149711595e-04 1.341020024281596446e-01 -1.665832654872341223e-01
1.007870984224328893e-03 1.341752595709821416e-01 -1.665152830156033659e-01
9.947535452615138048e-04 1.342437010683551479e-01 -1.664867467242199806e-01
9.040193282015363072e-04 1.343465131570198978e-01 -1.664544377077530612e-01
9.096178688739034240e-04 1.344312289142237382e-01 -1.665022291603306948e-01
9.768083037694167553e-04 1.344613070144265177e-01 -1.664986662708737852e-01
1.035418222250792612e-03 1.344787378723206195e-01 -1.664576874256848971e-01
1.046155872687154747e-03 1.344927964144296828e-01 -1.664321136527504019e-01
1.011823593412373079e-03 1.345054930161757589e-01 -1.664035921535837736e-01
9.987099063948445647e-04 1.345543242257354610e-01 -1.663867817400493943e-01
9.462120109532658413e-04 1.346485562193659169e-01 -1.663694050059213170e-01
9.649726100764917424e-04 1.347429379037053676e-01 -1.664147841164333730e-01
1.074885077688880102e-03 1.347825322396430936e-01 -1.664274266790959911e-01
1.139531407087955193e-03 1.348196178939307932e-01 -1.663987949038915337e-01
1.077723333080939181e-03 1.348409724614047789e-01 -1.663297936302325086e-01
1.058298326986825038e-03 1.348108514864325702e-01 -1.663540497146526742e-01
1.052008633705232713e-03 1.347350875584629182e-01 -1.664023199697768629e-01
9.701218422767975743e-04 1.346786169522298515e-01 -1.664132557262597845e-01
9.409384043732023448e-04 1.346427602795834955e-01 -1.664892735893225006e-01
8.630700375008699922e-04 1.345689682271797027e-01 -1.665000940532209150e-01
7.804931226333955679e-04 1.345112580830867544e-01 -1.665061200231466587e-01
7.924750770545072563e-04 1.344321458162110738e-01 -1.666053046670734339e-01
8.150740985616339480e-04 1.344113290948903694e-01 -1.665273711231692044e-01
8.994452770251944694e-04 1.344337519719431273e-01 -1.664336087201223335e-01
1.001220478873860852e-03 1.344464507527261543e-01 -1.664503767252958899e-01
1.044521184011381514e-03 1.344276847551880982e-01 -1.664559635945477012e-01
1.066809679935103606e-03 1.344312542402615884e-01 -1.664583376334755893e-01
1.019715745117979067e-03 1.344832564244035078e-01 -1.664451292585691633e-01
1.059906725990625255e-03 1.345139470743207943e-01 -1.664989108288958686e-01
1.130365456941460726e-03 1.344813475570921790e-01 -1.665339179048516138e-01
1.090029987095602042e-03 1.343831152723853617e-01 -1.664903009583110494e-01
1.068927874500378477e-03 1.343063597243371043e-01 -1.664171182395215443e-01
1.107488921765543022e-03 1.342968321287086042e-01 -1.664168165312406023e-01
1.137653740874289407e-03 1.342704944948425738e-01 -1.664381559708456026e-01
1.151935676816656737e-03 1.342368695657201461e-01 -1.664419744318031413e-01
1.179272180582019262e-03 1.342255036712345917e-01 -1.664845615338285123e-01
1.120007456466142999e-03 1.341850357964461393e-01 -1.664110541947466937e-01
1.093317511876701516e-03 1.341108897436302516e-01 -1.663339162756626299e-01
1.194100767130975953e-03 1.340791263923726273e-01 -1.664198913694762139e-01
1.244052811377806787e-03 1.340496647460768243e-01 -1.664829819227683361e-01
1.240709163749298188e-03 1.340188132274086896e-01 -1.665251994345514630e-01
1.148102152808044233e-03 1.339673210558864902e-01 -1.665057875521326614e-01
1.106705143007371932e-03 1.339066028422291055e-01 -1.665151169172163770e-01
