3.919387459754943848e-01 2.008157372474670410e-01 5.321633219718933105e-01 7.230901718139648438e-01
3.900201618671417236e-01 2.015588432550430298e-01 5.310698747634887695e-01 7.247228026390075684e-01
3.848665356636047363e-01 2.014207243919372559e-01 5.265358090400695801e-01 7.307992577552795410e-01
3.770586252212524414e-01 2.000587284564971924e-01 5.185717940330505371e-01 7.408688664436340332e-01
3.670991957187652588e-01 1.969986706972122192e-01 5.072039961814880371e-01 7.544360160827636719e-01
3.552605807781219482e-01 1.918919980525970459e-01 4.923735260963439941e-01 7.710613608360290527e-01
3.415702283382415771e-01 1.847505718469619751e-01 4.744767248630523682e-01 7.899802327156066895e-01
3.259598612785339355e-01 1.759684681892395020e-01 4.543716907501220703e-01 8.101429939270019531e-01
3.084992468357086182e-01 1.660749316215515137e-01 4.328840970993041992e-01 8.305773735046386719e-01
2.894535064697265625e-01 1.555872410535812378e-01 4.106782972812652588e-01 8.505014181137084961e-01
2.692472040653228760e-01 1.449373066425323486e-01 3.882892727851867676e-01 8.693276643753051758e-01
2.484039217233657837e-01 1.344463378190994263e-01 3.661378324031829834e-01 8.866582512855529785e-01
2.274851053953170776e-01 1.243303567171096802e-01 3.445545732975006104e-01 9.022608995437622070e-01
2.070396542549133301e-01 1.147180572152137756e-01 3.237836062908172607e-01 9.160451292991638184e-01
1.875649839639663696e-01 1.056685522198677063e-01 3.039962053298950195e-01 9.280300736427307129e-01
1.694655418395996094e-01 9.720020741224288940e-02 2.852928042411804199e-01 9.383184313774108887e-01
1.530219465494155884e-01 8.930443227291107178e-02 2.677015662193298340e-01 9.470717906951904297e-01
1.383649259805679321e-01 8.195316046476364136e-02 2.512007057666778564e-01 9.544826149940490723e-01
1.254693865776062012e-01 7.511092722415924072e-02 2.357238978147506714e-01 9.607549309730529785e-01
1.141844913363456726e-01 6.874651461839675903e-02 2.211842387914657593e-01 9.660814404487609863e-01
1.042807400226593018e-01 6.283130496740341187e-02 2.074982076883316040e-01 9.706298708915710449e-01
9.551142156124114990e-02 5.734625831246376038e-02 1.945948153734207153e-01 9.745367765426635742e-01
8.766181766986846924e-02 5.227033048868179321e-02 1.824141591787338257e-01 9.779101610183715820e-01
8.056083321571350098e-02 4.758136346936225891e-02 1.709133386611938477e-01 9.808337092399597168e-01
7.408695667982101440e-02 4.326192289590835571e-02 1.600516289472579956e-01 9.833732843399047852e-01
6.815154105424880981e-02 3.929182142019271851e-02 1.497990190982818604e-01 9.855819344520568848e-01
6.269025057554244995e-02 3.564853966236114502e-02 1.401295363903045654e-01 9.875032901763916016e-01
5.765490978956222534e-02 3.231097012758255005e-02 1.310166716575622559e-01 9.891747236251831055e-01
5.300570651888847351e-02 2.925959415733814240e-02 1.224336624145507812e-01 9.906282424926757812e-01
4.871266335248947144e-02 2.647422440350055695e-02 1.143578141927719116e-01 9.918913841247558594e-01
4.474852234125137329e-02 2.393398620188236237e-02 1.067652925848960876e-01 9.929883480072021484e-01
4.108837619423866272e-02 2.162000723183155060e-02 9.963244199752807617e-02 9.939405322074890137e-01
3.771201893687248230e-02 1.951648481190204620e-02 9.293884783983230591e-02 9.947659969329833984e-01
3.459611162543296814e-02 1.760665886104106903e-02 8.666193485260009766e-02 9.954812526702880859e-01
3.172038868069648743e-02 1.587394066154956818e-02 8.078094571828842163e-02 9.961005449295043945e-01
2.906868979334831238e-02 1.430437993258237839e-02 7.527288794517517090e-02 9.966365694999694824e-01
2.662529423832893372e-02 1.288363151252269745e-02 7.011739909648895264e-02 9.971001744270324707e-01
2.437363192439079285e-02 1.159874629229307175e-02 6.529562175273895264e-02 9.975007772445678711e-01
2.229939959943294525e-02 1.043865364044904709e-02 6.078689545392990112e-02 9.978470206260681152e-01
2.038989216089248657e-02 9.392993524670600891e-03 5.657316744327545166e-02 9.981460571289062500e-01
1.863371767103672028e-02 8.449241518974304199e-03 5.263603106141090393e-02 9.984041452407836914e-01
1.701952703297138214e-02 7.599542383104562759e-03 4.895855858922004700e-02 9.986269474029541016e-01
1.553723029792308807e-02 6.835568230599164963e-03 4.552467167377471924e-02 9.988190531730651855e-01
1.417488884180784225e-02 6.149713881313800812e-03 4.232017695903778076e-02 9.989846348762512207e-01
1.292473822832107544e-02 5.535370670258998871e-03 3.933259099721908569e-02 9.991272091865539551e-01
1.177852880209684372e-02 4.983709659427404404e-03 3.654713556170463562e-02 9.992501139640808105e-01
1.072627771645784378e-02 4.488706123083829880e-03 3.395142778754234314e-02 9.993558526039123535e-01
9.760702960193157196e-03 4.045906011015176773e-03 3.153048083186149597e-02 9.994469881057739258e-01
8.876602165400981903e-03 3.650184022262692451e-03 2.927438169717788696e-02 9.995253682136535645e-01
8.067902177572250366e-03 3.298260271549224854e-03 2.717259712517261505e-02 9.995928406715393066e-01
7.326751016080379486e-03 2.984418533742427826e-03 2.521153911948204041e-02 9.996508359909057617e-01
6.649727933108806610e-03 2.704386832192540169e-03 2.338321879506111145e-02 9.997007846832275391e-01
6.031758617609739304e-03 2.457182854413986206e-03 2.168155647814273834e-02 9.997437000274658203e-01
5.466113332659006119e-03 2.238524379208683968e-03 2.009750157594680786e-02 9.997806549072265625e-01
4.946493543684482574e-03 2.043927088379859924e-03 1.862195879220962524e-02 9.998123049736022949e-01
4.472843371331691742e-03 1.871236483566462994e-03 1.724647544324398041e-02 9.998396039009094238e-01
4.041588865220546722e-03 1.721979700960218906e-03 1.596437208354473114e-02 9.998629093170166016e-01
3.647604258731007576e-03 1.591462758369743824e-03 1.477261539548635483e-02 9.998829960823059082e-01
3.287803381681442261e-03 1.475565135478973389e-03 1.366284955292940140e-02 9.999002218246459961e-01
2.960764570161700249e-03 1.372904167510569096e-03 1.262804493308067322e-02 9.999149441719055176e-01
2.663622377440333366e-03 1.285044359974563122e-03 1.166566461324691772e-02 9.999276399612426758e-01
2.392148133367300034e-03 1.210243441164493561e-03 1.076897419989109039e-02 9.999384880065917969e-01
2.144985133782029152e-03 1.143889385275542736e-03 9.934626519680023193e-03 9.999477267265319824e-01
1.920401235111057758e-03 1.085860421881079674e-03 9.158330969512462616e-03 9.999556541442871094e-01
1.714892918244004250e-03 1.036462723277509212e-03 8.434976451098918915e-03 9.999624490737915039e-01
1.530584413558244705e-03 9.951971005648374557e-04 7.762054912745952606e-03 9.999682307243347168e-01
1.364877680316567421e-03 9.595489827916026115e-04 7.135267835110425949e-03 9.999732375144958496e-01
1.214723568409681320e-03 9.292255272157490253e-04 6.550061050802469254e-03 9.999773502349853516e-01
1.079489476978778839e-03 9.044141042977571487e-04 6.005696952342987061e-03 9.999809861183166504e-01
9.555722936056554317e-04 8.846412529237568378e-04 5.498056299984455109e-03 9.999840855598449707e-01
8.439141674898564816e-04 8.689203532412648201e-04 5.024760030210018158e-03 9.999867081642150879e-01
7.447227835655212402e-04 8.562422590330243111e-04 4.584665875881910324e-03 9.999889135360717773e-01
6.538773886859416962e-04 8.472431218251585960e-04 4.175637383013963699e-03 9.999907016754150391e-01
5.701367626897990704e-04 8.422331884503364563e-04 3.793981391936540604e-03 9.999923110008239746e-01
4.955934127792716026e-04 8.397995843552052975e-04 3.439944703131914139e-03 9.999936223030090332e-01
4.290881915949285030e-04 8.397125639021396637e-04 3.108145203441381454e-03 9.999948143959045410e-01
3.705445269588381052e-04 8.401079103350639343e-04 2.798330504447221756e-03 9.999957084655761719e-01
3.185940440744161606e-04 8.422676473855972290e-04 2.509819809347391129e-03 9.999964237213134766e-01
2.704279613681137562e-04 8.466818835586309433e-04 2.241974230855703354e-03 9.999971389770507812e-01
2.279249893035739660e-04 8.518729591742157936e-04 1.994405873119831085e-03 9.999976158142089844e-01
1.902358635561540723e-04 8.584058959968388081e-04 1.763081294484436512e-03 9.999980330467224121e-01
1.570883905515074730e-04 8.653257973492145538e-04 1.547259977087378502e-03 9.999984502792358398e-01
1.274014648515731096e-04 8.747334941290318966e-04 1.345473225228488445e-03 9.999987483024597168e-01
1.000072370516136289e-04 8.853210601955652237e-04 1.157456426881253719e-03 9.999989271163940430e-01
7.415770960506051779e-05 8.946132729761302471e-04 9.833290241658687592e-04 9.999991059303283691e-01
5.150741708348505199e-05 9.038260905072093010e-04 8.207180071622133255e-04 9.999992251396179199e-01
3.247079803259111941e-05 9.127309313043951988e-04 6.680237129330635071e-04 9.999993443489074707e-01
1.650178819545544684e-05 9.213115554302930832e-04 5.244141793809831142e-04 9.999994635581970215e-01
4.045149580633733422e-06 9.299069643020629883e-04 3.922889591194689274e-04 9.999995231628417969e-01
-7.032113899185787886e-06 9.384714066982269287e-04 2.705656515900045633e-04 9.999995827674865723e-01
-1.623412208573427051e-05 9.471888770349323750e-04 1.553218462504446507e-04 9.999995827674865723e-01
-2.272025631100405008e-05 9.565561776980757713e-04 4.808097583008930087e-05 9.999995827674865723e-01
-2.967082400573417544e-05 9.659166680648922920e-04 -5.232762487139552832e-05 9.999995827674865723e-01
-3.567540261428803205e-05 9.751987527124583721e-04 -1.485145767219364643e-04 9.999995827674865723e-01
-4.122135942452587187e-05 9.841780411079525948e-04 -2.386571431998163462e-04 9.999994635581970215e-01
-4.650299160857684910e-05 9.911850793287158012e-04 -3.205269749742001295e-04 9.999994635581970215e-01
-5.064265133114531636e-05 9.977131849154829979e-04 -3.956607833970338106e-04 9.999994635581970215e-01
-5.344396777218207717e-05 1.004009274765849113e-03 -4.649622133001685143e-04 9.999994635581970215e-01
-5.475242869579233229e-05 1.010532490909099579e-03 -5.289982073009014130e-04 9.999993443489074707e-01
-5.473736018757335842e-05 1.016900991089642048e-03 -5.902620614506304264e-04 9.999993443489074707e-01
-5.474882345879450440e-05 1.023768680170178413e-03 -6.487647187896072865e-04 9.999993443489074707e-01
-5.667925870511680841e-05 1.031438237987458706e-03 -7.027296232990920544e-04 9.999992251396179199e-01
-5.876101931789889932e-05 1.040070317685604095e-03 -7.505329558625817299e-04 9.999992251396179199e-01
-5.840416633873246610e-05 1.048004487529397011e-03 -7.945898105390369892e-04 9.999991655349731445e-01
-5.648587830364704132e-05 1.055024098604917526e-03 -8.357184124179184437e-04 9.999991059303283691e-01
-5.553129085456021130e-05 1.061330782249569893e-03 -8.744392544031143188e-04 9.999991059303283691e-01
-5.381192386266775429e-05 1.066742581315338612e-03 -9.125322103500366211e-04 9.999990463256835938e-01
-5.188461727811954916e-05 1.069535966962575912e-03 -9.473825339227914810e-04 9.999989867210388184e-01
-4.990594243281520903e-05 1.072335173375904560e-03 -9.800312109291553497e-04 9.999989867210388184e-01
-4.758539216709323227e-05 1.076682819984853268e-03 -1.011741580441594124e-03 9.999989867210388184e-01
-4.513235762715339661e-05 1.081243506632745266e-03 -1.039990223944187164e-03 9.999988675117492676e-01
-4.368669397081248462e-05 1.086049480363726616e-03 -1.066477620042860508e-03 9.999988675117492676e-01
-4.296273618820123374e-05 1.090330304577946663e-03 -1.092242426238954067e-03 9.999988675117492676e-01
-4.221074050292372704e-05 1.095145358704030514e-03 -1.116576488129794598e-03 9.999988079071044922e-01
-4.106090636923909187e-05 1.101432018913328648e-03 -1.138932653702795506e-03 9.999987483024597168e-01
-4.038288898300379515e-05 1.108803902752697468e-03 -1.160533982329070568e-03 9.999987483024597168e-01
-3.943666160921566188e-05 1.114730839617550373e-03 -1.180513412691652775e-03 9.999987483024597168e-01
-3.727206421899609268e-05 1.119918888434767723e-03 -1.198765588924288750e-03 9.999986886978149414e-01
-3.568354804883711040e-05 1.124060363508760929e-03 -1.216568751260638237e-03 9.999986290931701660e-01
-3.469333023531362414e-05 1.127918250858783722e-03 -1.232982147485017776e-03 9.999986290931701660e-01
-3.301666220068000257e-05 1.131699536927044392e-03 -1.247593085281550884e-03 9.999986290931701660e-01
-3.079980888287536800e-05 1.135012018494307995e-03 -1.260656048543751240e-03 9.999986290931701660e-01
-2.963033512060064822e-05 1.137197716161608696e-03 -1.272631459869444370e-03 9.999986290931701660e-01
-2.764652708719950169e-05 1.139545813202857971e-03 -1.283347257412970066e-03 9.999985098838806152e-01
-2.546474752307403833e-05 1.141335233114659786e-03 -1.293455017730593681e-03 9.999985098838806152e-01
-2.274875259899999946e-05 1.143395900726318359e-03 -1.303522032685577869e-03 9.999985098838806152e-01
-2.037164813373237848e-05 1.145892543718218803e-03 -1.313434215262532234e-03 9.999985098838806152e-01
-1.869656261987984180e-05 1.148363924585282803e-03 -1.323288306593894958e-03 9.999985098838806152e-01
-1.679170782153960317e-05 1.151040080003440380e-03 -1.332271494902670383e-03 9.999985098838806152e-01
-1.572412475070450455e-05 1.153173623606562614e-03 -1.341062481515109539e-03 9.999985098838806152e-01
-1.460548537579597905e-05 1.155959907919168472e-03 -1.349687576293945312e-03 9.999985098838806152e-01
-1.343896747130202129e-05 1.158879254944622517e-03 -1.357659697532653809e-03 9.999984502792358398e-01
-1.254080143553437665e-05 1.161145744845271111e-03 -1.364615513011813164e-03 9.999983906745910645e-01
-1.235223044204758480e-05 1.163555192761123180e-03 -1.370835001580417156e-03 9.999983906745910645e-01
-1.337866706307977438e-05 1.164940418675541878e-03 -1.377017470076680183e-03 9.999983906745910645e-01
-1.460711519030155614e-05 1.166251255199313164e-03 -1.381780719384551048e-03 9.999983906745910645e-01
-1.488531779614277184e-05 1.167167676612734795e-03 -1.386122312396764755e-03 9.999983906745910645e-01
-1.521192825748585165e-05 1.167920650914311409e-03 -1.390489516779780388e-03 9.999983906745910645e-01
-1.476395209465408698e-05 1.168533810414373875e-03 -1.394590828567743301e-03 9.999983906745910645e-01
-1.369238452753052115e-05 1.169061288237571716e-03 -1.398736145347356796e-03 9.999983906745910645e-01
-1.296057871513767168e-05 1.169636496342718601e-03 -1.403057132847607136e-03 9.999983906745910645e-01
-1.282144876313395798e-05 1.170424045994877815e-03 -1.407445757649838924e-03 9.999983906745910645e-01
-1.218268516822718084e-05 1.172033720649778843e-03 -1.410542521625757217e-03 9.999983906745910645e-01
-1.152949880633968860e-05 1.172951189801096916e-03 -1.413394813425838947e-03 9.999983906745910645e-01
-1.059137775882845744e-05 1.173024298623204231e-03 -1.416666782461106777e-03 9.999983906745910645e-01
-9.716011845739558339e-06 1.173238153569400311e-03 -1.419856562279164791e-03 9.999983906745910645e-01
-8.381952284253202379e-06 1.173716038465499878e-03 -1.422583824023604393e-03 9.999983310699462891e-01
-7.049105988699011505e-06 1.173736294731497765e-03 -1.426118775270879269e-03 9.999982714653015137e-01
-5.843563940288731828e-06 1.173646422103047371e-03 -1.429847558028995991e-03 9.999983310699462891e-01
-4.444109436008147895e-06 1.173641881905496120e-03 -1.432626508176326752e-03 9.999982714653015137e-01
-2.347356939935707487e-06 1.173679484054446220e-03 -1.434627571143209934e-03 9.999982714653015137e-01
-5.823994797538034618e-07 1.173203228972852230e-03 -1.437329920008778572e-03 9.999982714653015137e-01
1.658298884876785451e-07 1.173049444332718849e-03 -1.439676852896809578e-03 9.999982714653015137e-01
6.626532353948277887e-07 1.173171447589993477e-03 -1.440941123291850090e-03 9.999982714653015137e-01
1.079906837730959523e-06 1.173173193819820881e-03 -1.442498178221285343e-03 9.999982714653015137e-01
1.287559825868811458e-06 1.173182739876210690e-03 -1.443374087102711201e-03 9.999982714653015137e-01
1.862630256255215500e-06 1.173073076643049717e-03 -1.444505411200225353e-03 9.999982714653015137e-01
2.553646027081413195e-06 1.172856544144451618e-03 -1.445661182515323162e-03 9.999982714653015137e-01
2.906515419454080984e-06 1.172426738776266575e-03 -1.446505775675177574e-03 9.999982714653015137e-01
3.335336714371806011e-06 1.171858282759785652e-03 -1.447783201001584530e-03 9.999982714653015137e-01
3.323557848489144817e-06 1.171129639260470867e-03 -1.448521856218576431e-03 9.999982714653015137e-01
3.209464011888485402e-06 1.170482602901756763e-03 -1.449854811653494835e-03 9.999982714653015137e-01
3.411596935620764270e-06 1.170422881841659546e-03 -1.450592884793877602e-03 9.999982714653015137e-01
3.412079422560054809e-06 1.170403207652270794e-03 -1.450773910619318485e-03 9.999982714653015137e-01
4.072827323398087174e-06 1.170141622424125671e-03 -1.452210010029375553e-03 9.999982714653015137e-01
4.587737294059479609e-06 1.170099130831658840e-03 -1.452294876798987389e-03 9.999982714653015137e-01
6.314499842119403183e-06 1.170632313005626202e-03 -1.452274154871702194e-03 9.999982714653015137e-01
8.239047019742429256e-06 1.171021373011171818e-03 -1.452131778933107853e-03 9.999982714653015137e-01
9.439542736799921840e-06 1.171163981780409813e-03 -1.452398137189447880e-03 9.999982714653015137e-01
9.770729775482323021e-06 1.171085634268820286e-03 -1.452264958061277866e-03 9.999982714653015137e-01
1.015692032524384558e-05 1.170987961813807487e-03 -1.452325261197984219e-03 9.999982714653015137e-01
1.032392992783570662e-05 1.170809264294803143e-03 -1.452543307095766068e-03 9.999982714653015137e-01
1.027565031108679250e-05 1.170784817077219486e-03 -1.452455995604395866e-03 9.999982714653015137e-01
9.731584214023314416e-06 1.171144656836986542e-03 -1.452124211937189102e-03 9.999982714653015137e-01
9.765837603481486440e-06 1.171389129012823105e-03 -1.452464610338211060e-03 9.999982714653015137e-01
9.975175998988561332e-06 1.171109150163829327e-03 -1.452959375455975533e-03 9.999982714653015137e-01
9.731014870340004563e-06 1.170685398392379284e-03 -1.453107222914695740e-03 9.999982714653015137e-01
9.438125744054559618e-06 1.170473988167941570e-03 -1.453529577702283859e-03 9.999982714653015137e-01
8.841971066431142390e-06 1.170237315818667412e-03 -1.453920849598944187e-03 9.999982714653015137e-01
8.671391697134822607e-06 1.170345698483288288e-03 -1.454648561775684357e-03 9.999982714653015137e-01
7.937005648273043334e-06 1.170322066172957420e-03 -1.454444834962487221e-03 9.999982714653015137e-01
7.777065547998063266e-06 1.169584807939827442e-03 -1.454182201996445656e-03 9.999982714653015137e-01
7.407584234897512943e-06 1.168769085779786110e-03 -1.453927019611001015e-03 9.999982714653015137e-01
7.350480700551997870e-06 1.168212038464844227e-03 -1.454099314287304878e-03 9.999982714653015137e-01
7.444317816407419741e-06 1.167909591458737850e-03 -1.454498036764562130e-03 9.999982714653015137e-01
7.426745924021815881e-06 1.168150687590241432e-03 -1.454379525966942310e-03 9.999982714653015137e-01
6.982733339100377634e-06 1.168758841231465340e-03 -1.454124459996819496e-03 9.999982714653015137e-01
7.219101462396793067e-06 1.169145340099930763e-03 -1.454672892577946186e-03 9.999982714653015137e-01
7.617867595399729908e-06 1.168978051282465458e-03 -1.454685232602059841e-03 9.999982714653015137e-01
7.846432708902284503e-06 1.169039751403033733e-03 -1.454138895496726036e-03 9.999982714653015137e-01
7.706598807999398559e-06 1.169586204923689365e-03 -1.453666016459465027e-03 9.999982714653015137e-01
8.241258001362439245e-06 1.169873867183923721e-03 -1.453957986086606979e-03 9.999982714653015137e-01
9.164122275251429528e-06 1.169691095128655434e-03 -1.453917007893323898e-03 9.999982714653015137e-01
9.883247912512160838e-06 1.169958035461604595e-03 -1.453832606784999371e-03 9.999982714653015137e-01
9.712182873045094311e-06 1.170189701952040195e-03 -1.452770899049937725e-03 9.999982714653015137e-01
1.006372076517436653e-05 1.169895404018461704e-03 -1.451620948500931263e-03 9.999982714653015137e-01
1.115543636842630804e-05 1.169534865766763687e-03 -1.452233060263097286e-03 9.999982714653015137e-01
1.150790285464609042e-05 1.169069204479455948e-03 -1.452873810194432735e-03 9.999982714653015137e-01
1.135370257543399930e-05 1.168651971966028214e-03 -1.453179051168262959e-03 9.999982714653015137e-01
1.107876960304565728e-05 1.168264541774988174e-03 -1.453591394238173962e-03 9.999982714653015137e-01
1.070281086867908016e-05 1.168022514320909977e-03 -1.453852280974388123e-03 9.999982714653015137e-01
9.733491424412932247e-06 1.168083981610834599e-03 -1.453747157938778400e-03 9.999982714653015137e-01
9.008766028273385018e-06 1.167808077298104763e-03 -1.454354729503393173e-03 9.999982714653015137e-01
7.900022865214850754e-06 1.167199225164949894e-03 -1.454210141673684120e-03 9.999982714653015137e-01
7.483901754312682897e-06 1.167959067970514297e-03 -1.454296754673123360e-03 9.999982714653015137e-01
7.267267847055336460e-06 1.168873510323464870e-03 -1.453864970244467258e-03 9.999982714653015137e-01
7.883118087192997336e-06 1.168830436654388905e-03 -1.453372184187173843e-03 9.999982714653015137e-01
8.338436600752174854e-06 1.168311340734362602e-03 -1.451877178624272346e-03 9.999982714653015137e-01
8.669805538374930620e-06 1.168162678368389606e-03 -1.450852723792195320e-03 9.999982714653015137e-01
8.850382073433138430e-06 1.168335555121302605e-03 -1.450912444852292538e-03 9.999982714653015137e-01
8.699008503754157573e-06 1.168285962194204330e-03 -1.451269257813692093e-03 9.999982714653015137e-01
9.306681931775528938e-06 1.168121234513819218e-03 -1.451575197279453278e-03 9.999982714653015137e-01
9.811723430175334215e-06 1.168072223663330078e-03 -1.451687538065016270e-03 9.999982714653015137e-01
9.268980647902935743e-06 1.168335904367268085e-03 -1.451433170586824417e-03 9.999982714653015137e-01
9.290729394706431776e-06 1.168434042483568192e-03 -1.451829099096357822e-03 9.999982714653015137e-01
9.134312676906120032e-06 1.168095506727695465e-03 -1.451859367080032825e-03 9.999982714653015137e-01
8.864442861522547901e-06 1.167876413092017174e-03 -1.451751333661377430e-03 9.999982714653015137e-01
8.408266694459598511e-06 1.168278045952320099e-03 -1.451664604246616364e-03 9.999982714653015137e-01
8.455199349555186927e-06 1.168794929981231689e-03 -1.451940508559346199e-03 9.999982714653015137e-01
8.758553121879231185e-06 1.168862450867891312e-03 -1.451987773180007935e-03 9.999982714653015137e-01
8.857414286467246711e-06 1.168739749118685722e-03 -1.451778225600719452e-03 9.999982714653015137e-01
8.412825991399586201e-06 1.168852089904248714e-03 -1.451542717404663563e-03 9.999982714653015137e-01
8.112676368909887969e-06 1.168985152617096901e-03 -1.451826305128633976e-03 9.999982714653015137e-01
7.414103038172470406e-06 1.168667804449796677e-03 -1.451244577765464783e-03 9.999982714653015137e-01
7.026690582279115915e-06 1.168460119515657425e-03 -1.450611278414726257e-03 9.999982714653015137e-01
7.468910098396008834e-06 1.168446498923003674e-03 -1.451411051675677299e-03 9.999982714653015137e-01
7.635262591065838933e-06 1.168255461379885674e-03 -1.451826654374599457e-03 9.999982714653015137e-01
7.614502010255819187e-06 1.168180606327950954e-03 -1.451744465157389641e-03 9.999982714653015137e-01
7.164134331105742604e-06 1.168590970337390900e-03 -1.451844582334160805e-03 9.999982714653015137e-01
7.264335636136820540e-06 1.169065828435122967e-03 -1.452145981602370739e-03 9.999982714653015137e-01
7.588297194160986692e-06 1.169053488411009312e-03 -1.452260999940335751e-03 9.999982714653015137e-01
7.997797183634247631e-06 1.168825081549584866e-03 -1.452404772862792015e-03 9.999982714653015137e-01
8.199399417208041996e-06 1.168358372524380684e-03 -1.452553085982799530e-03 9.999982714653015137e-01
8.082510248641483486e-06 1.168012269772589207e-03 -1.452468335628509521e-03 9.999982714653015137e-01
7.959836693771649152e-06 1.168054877780377865e-03 -1.452233758755028248e-03 9.999982714653015137e-01
8.110729140753392130e-06 1.168328337371349335e-03 -1.452354248613119125e-03 9.999982714653015137e-01
8.467522093269508332e-06 1.168245682492852211e-03 -1.452570315450429916e-03 9.999982714653015137e-01
8.915333637560252100e-06 1.168708782643079758e-03 -1.453358097933232784e-03 9.999982714653015137e-01
8.665921086503658444e-06 1.169172348454594612e-03 -1.453137258067727089e-03 9.999982714653015137e-01
8.824771612125914544e-06 1.169063150882720947e-03 -1.452740281820297241e-03 9.999982714653015137e-01
9.086980753636453301e-06 1.168819377198815346e-03 -1.452997094020247459e-03 9.999982714653015137e-01
8.597458872827701271e-06 1.168884919025003910e-03 -1.453220495022833347e-03 9.999982714653015137e-01
9.130849321081768721e-06 1.168788876384496689e-03 -1.453723991289734840e-03 9.999982714653015137e-01
9.511531970929354429e-06 1.168339746072888374e-03 -1.453126315027475357e-03 9.999982714653015137e-01
9.712446626508608460e-06 1.168024260550737381e-03 -1.452668104320764542e-03 9.999982714653015137e-01
9.733787919685710222e-06 1.168235088698565960e-03 -1.452706754207611084e-03 9.999982714653015137e-01
8.799801435088738799e-06 1.168742310255765915e-03 -1.452475436963140965e-03 9.999982714653015137e-01
8.545524906367063522e-06 1.168960239738225937e-03 -1.452892785891890526e-03 9.999982714653015137e-01
8.503635399392805994e-06 1.168626709841191769e-03 -1.452895579859614372e-03 9.999982714653015137e-01
8.634101504867430776e-06 1.168411108665168285e-03 -1.452817698009312153e-03 9.999982714653015137e-01
8.273697858385276049e-06 1.168190385214984417e-03 -1.452302443794906139e-03 9.999982714653015137e-01
8.130262358463369310e-06 1.168329501524567604e-03 -1.452126889489591122e-03 9.999982714653015137e-01
8.254025487985927612e-06 1.168656744994223118e-03 -1.451537944376468658e-03 9.999982714653015137e-01
8.596777661296073347e-06 1.168854651041328907e-03 -1.451034448109567165e-03 9.999982714653015137e-01
8.694269126863218844e-06 1.169067109003663063e-03 -1.451102318242192268e-03 9.999982714653015137e-01
8.345347850990947336e-06 1.169095281511545181e-03 -1.451540389098227024e-03 9.999982714653015137e-01
8.573939339839853346e-06 1.169164082966744900e-03 -1.452032243832945824e-03 9.999982714653015137e-01
8.868435543263331056e-06 1.168965129181742668e-03 -1.452130032703280449e-03 9.999982714653015137e-01
9.233536729880142957e-06 1.168792950920760632e-03 -1.452238997444510460e-03 9.999982714653015137e-01
9.300384590460453182e-06 1.168802264146506786e-03 -1.452513388358056545e-03 9.999982714653015137e-01
8.623290341347455978e-06 1.169184455648064613e-03 -1.452585798688232899e-03 9.999982714653015137e-01
8.655990313854999840e-06 1.169147086329758167e-03 -1.453190692700445652e-03 9.999982714653015137e-01
8.354458259418606758e-06 1.168555929325520992e-03 -1.452905125916004181e-03 9.999982714653015137e-01
7.989559890120290220e-06 1.168303657323122025e-03 -1.452405704185366631e-03 9.999982714653015137e-01
7.520405688410392031e-06 1.168603543192148209e-03 -1.452235621400177479e-03 9.999982714653015137e-01
7.811973773641511798e-06 1.168703194707632065e-03 -1.452732249163091183e-03 9.999982714653015137e-01
8.068602255661971867e-06 1.168348826467990875e-03 -1.452827826142311096e-03 9.999982714653015137e-01
8.344115485670045018e-06 1.168199232779443264e-03 -1.452809316106140614e-03 9.999982714653015137e-01
8.542198884242679924e-06 1.167889684438705444e-03 -1.452632830478250980e-03 9.999982714653015137e-01
8.664931556268129498e-06 1.168017741292715073e-03 -1.452474505640566349e-03 9.999982714653015137e-01
8.164522114384453744e-06 1.168300397694110870e-03 -1.451608375646173954e-03 9.999982714653015137e-01
8.157917363860178739e-06 1.168094924651086330e-03 -1.451072050258517265e-03 9.999982714653015137e-01
8.226206773542799056e-06 1.167705166153609753e-03 -1.451145973987877369e-03 9.999982714653015137e-01
8.216425158025231212e-06 1.167612848803400993e-03 -1.451397896744310856e-03 9.999982714653015137e-01
8.024752787605393678e-06 1.168132992461323738e-03 -1.451605116017162800e-03 9.999982714653015137e-01
7.655144145246595144e-06 1.168821007013320923e-03 -1.451280200853943825e-03 9.999982714653015137e-01
7.822248335287440568e-06 1.169292954728007317e-03 -1.451498712413012981e-03 9.999982714653015137e-01
8.344216439581941813e-06 1.169348950497806072e-03 -1.451605232432484627e-03 9.999982714653015137e-01
8.750918823352549225e-06 1.169351162388920784e-03 -1.451850519515573978e-03 9.999982714653015137e-01
8.752517715038266033e-06 1.168995862826704979e-03 -1.452001859433948994e-03 9.999982714653015137e-01
8.418492143391631544e-06 1.168521936051547527e-03 -1.452063326723873615e-03 9.999982714653015137e-01
8.148660526785533875e-06 1.168065122328698635e-03 -1.452743890695273876e-03 9.999982714653015137e-01
7.836018994566984475e-06 1.167443580925464630e-03 -1.453605247661471367e-03 9.999982714653015137e-01
7.280581030499888584e-06 1.166610629297792912e-03 -1.454192562960088253e-03 9.999982714653015137e-01
6.683520496153505519e-06 1.166186528280377388e-03 -1.454537850804626942e-03 9.999982714653015137e-01
6.488295184681192040e-06 1.166503760032355785e-03 -1.455269288271665573e-03 9.999982714653015137e-01
5.725219125451985747e-06 1.166480826213955879e-03 -1.455140649341046810e-03 9.999982714653015137e-01
5.297803909343201667e-06 1.166256726719439030e-03 -1.454730983823537827e-03 9.999982714653015137e-01
4.928886482957750559e-06 1.166406786069273949e-03 -1.454462879337370396e-03 9.999982714653015137e-01
4.974616786057595164e-06 1.166656031273305416e-03 -1.454363227821886539e-03 9.999982714653015137e-01
5.156098723091417924e-06 1.166478497907519341e-03 -1.454164390452206135e-03 9.999982714653015137e-01
6.292127636697841808e-06 1.166145899333059788e-03 -1.454906421713531017e-03 9.999982714653015137e-01
6.398234290827531368e-06 1.165154390037059784e-03 -1.454781158827245235e-03 9.999982714653015137e-01
6.375790235324529931e-06 1.165838213637471199e-03 -1.454505138099193573e-03 9.999982714653015137e-01
6.952266630833037198e-06 1.167091308161616325e-03 -1.454304903745651245e-03 9.999982714653015137e-01
7.997864486242178828e-06 1.167711801826953888e-03 -1.454827608540654182e-03 9.999982714653015137e-01
8.702250852365978062e-06 1.167975482530891895e-03 -1.454924233257770538e-03 9.999982714653015137e-01
8.703144885657820851e-06 1.167932758107781410e-03 -1.454576151445508003e-03 9.999982714653015137e-01
8.805195648164954036e-06 1.168202143162488937e-03 -1.454593730159103870e-03 9.999982714653015137e-01
8.025365787034388632e-06 1.168336137197911739e-03 -1.453808043152093887e-03 9.999982714653015137e-01
7.646836820640601218e-06 1.167991431429982185e-03 -1.453298609703779221e-03 9.999982714653015137e-01
7.839257705199997872e-06 1.167673035524785519e-03 -1.453907927498221397e-03 9.999982714653015137e-01
6.823241164966020733e-06 1.167084556072950363e-03 -1.453591859899461269e-03 9.999982714653015137e-01
5.682848495780490339e-06 1.166838686913251877e-03 -1.453334814868867397e-03 9.999982714653015137e-01
5.949629212409490719e-06 1.167080248706042767e-03 -1.453874632716178894e-03 9.999982714653015137e-01
6.547631528519559652e-06 1.167061156593263149e-03 -1.453951117582619190e-03 9.999982714653015137e-01
6.878946805954910815e-06 1.167259411886334419e-03 -1.454045064747333527e-03 9.999982714653015137e-01
6.765358648408437148e-06 1.167428330518305302e-03 -1.453515840694308281e-03 9.999982714653015137e-01
7.275821189978159964e-06 1.167027978226542473e-03 -1.453049713745713234e-03 9.999982714653015137e-01
7.136701697163516656e-06 1.166405621916055679e-03 -1.452542375773191452e-03 9.999982714653015137e-01
6.802261395932873711e-06 1.166075584478676319e-03 -1.452550757676362991e-03 9.999982714653015137e-01
7.196596925496123731e-06 1.166350441053509712e-03 -1.453502569347620010e-03 9.999982714653015137e-01
7.616245511599117890e-06 1.166595960967242718e-03 -1.453778124414384365e-03 9.999982714653015137e-01
7.741991794318892062e-06 1.166872796602547169e-03 -1.453980803489685059e-03 9.999982714653015137e-01
7.454908427462214604e-06 1.167381182312965393e-03 -1.453975681215524673e-03 9.999982714653015137e-01
7.779017323628067970e-06 1.167253940366208553e-03 -1.454306533560156822e-03 9.999982714653015137e-01
7.637934686499647796e-06 1.166477217338979244e-03 -1.453733886592090130e-03 9.999982714653015137e-01
7.407186330965487286e-06 1.166003523394465446e-03 -1.453011529520153999e-03 9.999982714653015137e-01
7.095632554410258308e-06 1.166137750260531902e-03 -1.452595228329300880e-03 9.999982714653015137e-01
7.104674295987933874e-06 1.166703063063323498e-03 -1.452943426556885242e-03 9.999982714653015137e-01
7.255950549733825028e-06 1.167333452031016350e-03 -1.452967757359147072e-03 9.999982714653015137e-01
6.779046543670119718e-06 1.168023329228162766e-03 -1.452657743357121944e-03 9.999982714653015137e-01
6.717616997775621712e-06 1.168524497188627720e-03 -1.453108736313879490e-03 9.999982714653015137e-01
6.955633125471649691e-06 1.168625894933938980e-03 -1.453163684345781803e-03 9.999982714653015137e-01
7.228431059047579765e-06 1.168732531368732452e-03 -1.452800584957003593e-03 9.999982714653015137e-01
7.442296464432729408e-06 1.169034047052264214e-03 -1.453086384572088718e-03 9.999982714653015137e-01
6.933610166015569121e-06 1.169020426459610462e-03 -1.452463096939027309e-03 9.999982714653015137e-01
6.768568255210993811e-06 1.168739167042076588e-03 -1.451815478503704071e-03 9.999982714653015137e-01
7.056942195049487054e-06 1.168887247331440449e-03 -1.452169264666736126e-03 9.999982714653015137e-01
7.346922302531311288e-06 1.169008435681462288e-03 -1.452158088795840740e-03 9.999982714653015137e-01
7.641212505404837430e-06 1.169323222711682320e-03 -1.452197786420583725e-03 9.999982714653015137e-01
7.711529178777709603e-06 1.169692026451230049e-03 -1.451711286790668964e-03 9.999982714653015137e-01
8.325099770445376635e-06 1.169639639556407928e-03 -1.451338292099535465e-03 9.999982714653015137e-01
8.896417057258076966e-06 1.169560477137565613e-03 -1.451595569960772991e-03 9.999982714653015137e-01
8.793930646788794547e-06 1.169829978607594967e-03 -1.452055410481989384e-03 9.999982714653015137e-01
7.948250640765763819e-06 1.170409261249005795e-03 -1.452328986488282681e-03 9.999982714653015137e-01
8.185857950593344867e-06 1.170660718344151974e-03 -1.453030388802289963e-03 9.999982714653015137e-01
8.545377568225376308e-06 1.170376432128250599e-03 -1.452965545468032360e-03 9.999982714653015137e-01
8.970196176960598677e-06 1.170323695987462997e-03 -1.452686963602900505e-03 9.999982714653015137e-01
9.182632311421912163e-06 1.170580973848700523e-03 -1.452804543077945709e-03 9.999982714653015137e-01
8.798927410680335015e-06 1.170711824670433998e-03 -1.452690572477877140e-03 9.999982714653015137e-01
8.697741577634587884e-06 1.170742558315396309e-03 -1.452844822779297829e-03 9.999982714653015137e-01
8.199424883059691638e-06 1.170521369203925133e-03 -1.452531432732939720e-03 9.999982714653015137e-01
7.958698006405029446e-06 1.170282601378858089e-03 -1.452540629543364048e-03 9.999982714653015137e-01
7.803747394063975662e-06 1.169923460111021996e-03 -1.453074626624584198e-03 9.999982714653015137e-01
7.432964594045188278e-06 1.169734285213053226e-03 -1.453337841667234898e-03 9.999982714653015137e-01
7.308359272428788245e-06 1.170001807622611523e-03 -1.453490811400115490e-03 9.999982714653015137e-01
6.734290309395873919e-06 1.170692150481045246e-03 -1.453472534194588661e-03 9.999982714653015137e-01
6.954956006666179746e-06 1.171183888800442219e-03 -1.453986740671098232e-03 9.999982714653015137e-01
7.505034318455727771e-06 1.171280979178845882e-03 -1.454086857847869396e-03 9.999982714653015137e-01
7.303408892767038196e-06 1.171219395473599434e-03 -1.453579752705991268e-03 9.999982714653015137e-01
7.212924629129702225e-06 1.171334297396242619e-03 -1.453501754440367222e-03 9.999982714653015137e-01
6.647103873547166586e-06 1.171269803307950497e-03 -1.452957862056791782e-03 9.999982714653015137e-01
6.638565082539571449e-06 1.170713803730905056e-03 -1.452820841223001480e-03 9.999982714653015137e-01
6.885290986247127876e-06 1.170155359432101250e-03 -1.453112927265465260e-03 9.999982714653015137e-01
6.719014891132246703e-06 1.169873052276670933e-03 -1.453291741199791431e-03 9.999982714653015137e-01
6.544345524162054062e-06 1.169861643575131893e-03 -1.453832839615643024e-03 9.999982714653015137e-01
6.805641532992012799e-06 1.170271541923284531e-03 -1.453701872378587723e-03 9.999982714653015137e-01
7.093860858731204644e-06 1.170911244116723537e-03 -1.453108270652592182e-03 9.999982714653015137e-01
6.978813871683087200e-06 1.171508338302373886e-03 -1.452859374694526196e-03 9.999982714653015137e-01
6.186036898725433275e-06 1.172404387034475803e-03 -1.452578348107635975e-03 9.999982714653015137e-01
6.233330168470274657e-06 1.173143740743398666e-03 -1.452995347790420055e-03 9.999982714653015137e-01
6.819331247243098915e-06 1.173407072201371193e-03 -1.452963566407561302e-03 9.999982714653015137e-01
7.330997050303267315e-06 1.173559925518929958e-03 -1.452605356462299824e-03 9.999982714653015137e-01
7.424784143950091675e-06 1.173682743683457375e-03 -1.452382071875035763e-03 9.999982714653015137e-01
7.125310276023810729e-06 1.173793105408549309e-03 -1.452133525162935257e-03 9.999982714653015137e-01
7.010425633779959753e-06 1.174219069071114063e-03 -1.451986958272755146e-03 9.999982714653015137e-01
6.551279966515721753e-06 1.175040728412568569e-03 -1.451835851185023785e-03 9.999982714653015137e-01
6.713335551467025653e-06 1.175864599645137787e-03 -1.452231663279235363e-03 9.999982714653015137e-01
7.671869752812199295e-06 1.176211517304182053e-03 -1.452340860851109028e-03 9.999982714653015137e-01
8.235838322434574366e-06 1.176535966806113720e-03 -1.452090335078537464e-03 9.999982714653015137e-01
7.696899956499692053e-06 1.176721532829105854e-03 -1.451488817110657692e-03 9.999982714653015137e-01
7.527517482230905443e-06 1.176458434201776981e-03 -1.451700692996382713e-03 9.999982714653015137e-01
7.473093774024164304e-06 1.175797195173799992e-03 -1.452122000046074390e-03 9.999982714653015137e-01
6.759101779607590288e-06 1.175303361378610134e-03 -1.452218275517225266e-03 9.999982714653015137e-01
6.504103566840058193e-06 1.174990087747573853e-03 -1.452881959266960621e-03 9.999982714653015137e-01
5.825399512104922906e-06 1.174345146864652634e-03 -1.452977187000215054e-03 9.999982714653015137e-01
5.105451236886437982e-06 1.173840486444532871e-03 -1.453030621632933617e-03 9.999982714653015137e-01
5.210001290834043175e-06 1.173150260001420975e-03 -1.453896053135395050e-03 9.999982714653015137e-01
5.408276592788752168e-06 1.172968884930014610e-03 -1.453215721994638443e-03 9.999982714653015137e-01
6.145227871456881985e-06 1.173165626823902130e-03 -1.452396623790264130e-03 9.999982714653015137e-01
7.033050223981263116e-06 1.173277734778821468e-03 -1.452541910111904144e-03 9.999982714653015137e-01
7.411099886667216197e-06 1.173114520497620106e-03 -1.452590222470462322e-03 9.999982714653015137e-01
7.605533937748987228e-06 1.173145952634513378e-03 -1.452610711567103863e-03 9.999982714653015137e-01
7.194038516900036484e-06 1.173599157482385635e-03 -1.452495926059782505e-03 9.999982714653015137e-01
7.543830633949255571e-06 1.173867494799196720e-03 -1.452964846976101398e-03 9.999982714653015137e-01
8.158753189491108060e-06 1.173583907075226307e-03 -1.453269622288644314e-03 9.999982714653015137e-01
7.808452210156247020e-06 1.172726158984005451e-03 -1.452889409847557545e-03 9.999982714653015137e-01
7.626023489137878641e-06 1.172056072391569614e-03 -1.452250988222658634e-03 9.999982714653015137e-01
7.962655217852443457e-06 1.171973417513072491e-03 -1.452247961424291134e-03 9.999982714653015137e-01
8.226008503697812557e-06 1.171743962913751602e-03 -1.452433876693248749e-03 9.999982714653015137e-01
8.351028554898221046e-06 1.171450712718069553e-03 -1.452467055059969425e-03 9.999982714653015137e-01
8.589292519900482148e-06 1.171351876109838486e-03 -1.452838419936597347e-03 9.999982714653015137e-01
8.073375283856876194e-06 1.170997973531484604e-03 -1.452197553589940071e-03 9.999982714653015137e-01
7.842189916118513793e-06 1.170350587926805019e-03 -1.451524673029780388e-03 9.999982714653015137e-01
8.721212907403241843e-06 1.170074683614075184e-03 -1.452273922041058540e-03 9.999982714653015137e-01
9.156854503089562058e-06 1.169818220660090446e-03 -1.452823984436690807e-03 9.999982714653015137e-01
9.127636076300404966e-06 1.169548952020704746e-03 -1.453192438930273056e-03 9.999982714653015137e-01
8.320340384670998901e-06 1.169098424725234509e-03 -1.453023985959589481e-03 9.999982714653015137e-01
7.959758477227296680e-06 1.168568036518990993e-03 -1.453105825930833817e-03 9.999982714653015137e-01
