3.919387459754943848e-01 2.008157372474670410e-01 5.321633219718933105e-01 7.230901718139648438e-01
3.892351388931274414e-01 2.004937529563903809e-01 5.316463112831115723e-01 7.250176668167114258e-01
3.817047476768493652e-01 1.975101083517074585e-01 5.286559462547302246e-01 7.319933176040649414e-01
3.697951436042785645e-01 1.925752162933349609e-01 5.226637721061706543e-01 7.436322569847106934e-01
3.541440069675445557e-01 1.867402642965316772e-01 5.129165053367614746e-01 7.593594193458557129e-01
3.353267610073089600e-01 1.805236190557479858e-01 4.988956153392791748e-01 7.785052657127380371e-01
3.146095573902130127e-01 1.735347211360931396e-01 4.804585576057434082e-01 8.000413179397583008e-01
2.932786047458648682e-01 1.652210503816604614e-01 4.575772285461425781e-01 8.229901790618896484e-01
2.719838917255401611e-01 1.555434465408325195e-01 4.307025969028472900e-01 8.463606834411621094e-01
2.509469389915466309e-01 1.449360847473144531e-01 4.011989533901214600e-01 8.689411282539367676e-01
2.302970141172409058e-01 1.338874846696853638e-01 3.704853653907775879e-01 8.898190855979919434e-01
2.102032452821731567e-01 1.227498203516006470e-01 3.395580351352691650e-01 9.085414409637451172e-01
1.908456087112426758e-01 1.117848157882690430e-01 3.091435432434082031e-01 9.249391555786132812e-01
1.723920404911041260e-01 1.011882126331329346e-01 2.797780930995941162e-01 9.390240907669067383e-01
1.549830883741378784e-01 9.110327064990997314e-02 2.518511414527893066e-01 9.509213566780090332e-01
1.387232244014739990e-01 8.162962645292282104e-02 2.256318777799606323e-01 9.608240127563476562e-01
1.236778944730758667e-01 7.282990217208862305e-02 2.012881785631179810e-01 9.689596295356750488e-01
1.098749786615371704e-01 6.473582237958908081e-02 1.789038330316543579e-01 9.755666255950927734e-01
9.730894118547439575e-02 5.735391378402709961e-02 1.584938317537307739e-01 9.808778166770935059e-01
8.594673126935958862e-02 5.067092552781105042e-02 1.400195509195327759e-01 9.851092696189880371e-01
7.573430240154266357e-02 4.465897008776664734e-02 1.234024763107299805e-01 9.884542822837829590e-01
6.660269945859909058e-02 3.927997872233390808e-02 1.085363700985908508e-01 9.910807609558105469e-01
5.847372859716415405e-02 3.448947891592979431e-02 9.529768675565719604e-02 9.931312203407287598e-01
5.126465111970901489e-02 3.023972176015377045e-02 8.355402201414108276e-02 9.947241544723510742e-01
4.489168152213096619e-02 2.648199535906314850e-02 7.317040860652923584e-02 9.959565997123718262e-01
3.927287831902503967e-02 2.316840179264545441e-02 6.401433795690536499e-02 9.969067573547363281e-01
3.432998433709144592e-02 2.025306224822998047e-02 5.595890060067176819e-02 9.976371526718139648e-01
2.998968586325645447e-02 1.769290491938591003e-02 4.888499900698661804e-02 9.981973171234130859e-01
2.618426457047462463e-02 1.544810272753238678e-02 4.268253222107887268e-02 9.986260533332824707e-01
2.285193465650081635e-02 1.348227821290493011e-02 3.725093230605125427e-02 9.989537000656127930e-01
1.993680559098720551e-02 1.176251005381345749e-02 3.249923512339591980e-02 9.992036223411560059e-01
1.738873124122619629e-02 1.025924459099769592e-02 2.834574319422245026e-02 9.993942379951477051e-01
1.516295690089464188e-02 8.946097455918788910e-03 2.471756376326084137e-02 9.995394349098205566e-01
1.321975048631429672e-02 7.799639366567134857e-03 2.154995128512382507e-02 9.996500015258789062e-01
1.152395457029342651e-02 6.799140013754367828e-03 1.878561452031135559e-02 9.997340440750122070e-01
1.004457101225852966e-02 5.926315672695636749e-03 1.637404039502143860e-02 9.997979402542114258e-01
8.754332549870014191e-03 5.165080539882183075e-03 1.427078805863857269e-02 9.998465776443481445e-01
7.629294414073228836e-03 4.501310177147388458e-03 1.243682764470577240e-02 9.998834133148193359e-01
6.648472975939512253e-03 3.922624513506889343e-03 1.083795726299285889e-02 9.999115467071533203e-01
5.793495569378137589e-03 3.418186679482460022e-03 9.444224648177623749e-03 9.999328255653381348e-01
5.048295017331838608e-03 2.978516509756445885e-03 8.229442872107028961e-03 9.999489188194274902e-01
4.398830700665712357e-03 2.595331054180860519e-03 7.170724682509899139e-03 9.999613165855407715e-01
3.832841757684946060e-03 2.261395333334803581e-03 6.248082034289836884e-03 9.999706149101257324e-01
3.339623333886265755e-03 1.970394281670451164e-03 5.444065667688846588e-03 9.999776482582092285e-01
2.909837290644645691e-03 1.716818660497665405e-03 4.743453115224838257e-03 9.999831318855285645e-01
2.535336185246706009e-03 1.495861215516924858e-03 4.132962785661220551e-03 9.999871253967285156e-01
2.209017286077141762e-03 1.303331460803747177e-03 3.601016243919730186e-03 9.999902844429016113e-01
1.924686948768794537e-03 1.135575119405984879e-03 3.137516789138317108e-03 9.999926686286926270e-01
1.676946063525974751e-03 9.894068352878093719e-04 2.733663422986865044e-03 9.999944567680358887e-01
1.461088308133184910e-03 8.620496373623609543e-04 2.381784375756978989e-03 9.999957084655761719e-01
1.273012603633105755e-03 7.510841242037713528e-04 2.075193915516138077e-03 9.999968409538269043e-01
1.109143951907753944e-03 6.544007919728755951e-04 1.808064407669007778e-03 9.999975562095642090e-01
9.663679520599544048e-04 5.701620830222964287e-04 1.575318747200071812e-03 9.999981522560119629e-01
8.419698569923639297e-04 4.967664717696607113e-04 1.372531871311366558e-03 9.999986290931701660e-01
7.335845148190855980e-04 4.328185168560594320e-04 1.195847988128662109e-03 9.999989271163940430e-01
6.391509086824953556e-04 3.771022020373493433e-04 1.041907584294676781e-03 9.999992251396179199e-01
5.568732158280909061e-04 3.285579441580921412e-04 9.077830472961068153e-04 9.999994039535522461e-01
4.851869307458400726e-04 2.862626861315220594e-04 7.909241248853504658e-04 9.999995827674865723e-01
4.227287136018276215e-04 2.494120271876454353e-04 6.891082739457488060e-04 9.999997019767761230e-01
3.683106042444705963e-04 2.173051325371488929e-04 6.003989838063716888e-04 9.999998211860656738e-01
3.208977577742189169e-04 1.893313019536435604e-04 5.231092218309640884e-04 9.999998211860656738e-01
2.795883337967097759e-04 1.649585465202108026e-04 4.557689535431563854e-04 9.999999403953552246e-01
2.435966744087636471e-04 1.437233004253357649e-04 3.970974357798695564e-04 9.999999403953552246e-01
2.122382429661229253e-04 1.252216607099398971e-04 3.459786821622401476e-04 9.999999403953552246e-01
1.849165855674073100e-04 1.091017402359284461e-04 3.014404792338609695e-04 9.999999403953552246e-01
1.611120533198118210e-04 9.505695925327017903e-05 2.626357018016278744e-04 1.000000000000000000e+00
1.403719215886667371e-04 8.282016642624512315e-05 2.288263349328190088e-04 1.000000000000000000e+00
1.223016588483005762e-04 7.215862569864839315e-05 1.993692567339166999e-04 1.000000000000000000e+00
1.065576070686802268e-04 6.286955613177269697e-05 1.737042184686288238e-04 1.000000000000000000e+00
9.284030966227874160e-05 5.477628292283043265e-05 1.513430761406198144e-04 1.000000000000000000e+00
8.088885806500911713e-05 4.772486136062070727e-05 1.318604918196797371e-04 1.000000000000000000e+00
7.047592953313142061e-05 4.158118099439889193e-05 1.148859300883486867e-04 1.000000000000000000e+00
6.140346522442996502e-05 3.622838266892358661e-05 1.000965130515396595e-04 1.000000000000000000e+00
5.349891580408439040e-05 3.156465754727832973e-05 8.721096673980355263e-05 1.000000000000000000e+00
4.661193088395521045e-05 2.750129715423099697e-05 7.598418596899136901e-05 1.000000000000000000e+00
4.061152139911428094e-05 2.396101990598253906e-05 6.620264321099966764e-05 1.000000000000000000e+00
3.538354576448909938e-05 2.087648681481368840e-05 5.768028859165497124e-05 1.000000000000000000e+00
3.082857438130304217e-05 1.818902819650247693e-05 5.025503196520730853e-05 1.000000000000000000e+00
2.685997060325462371e-05 1.584753044880926609e-05 4.378563971840776503e-05 1.000000000000000000e+00
2.340225182706490159e-05 1.380745743517763913e-05 3.814906085608527064e-05 1.000000000000000000e+00
2.038965067185927182e-05 1.203000556415645406e-05 3.323808050481602550e-05 1.000000000000000000e+00
1.776486351445782930e-05 1.048136709869140759e-05 2.895929901569616050e-05 1.000000000000000000e+00
1.547797000966966152e-05 9.132087143370881677e-06 2.523133116483222693e-05 1.000000000000000000e+00
1.348547175439307466e-05 7.956501576700247824e-06 2.198327092628460377e-05 1.000000000000000000e+00
1.174946919491048902e-05 6.932250471436418593e-06 1.915333632496185601e-05 1.000000000000000000e+00
1.023694403556874022e-05 6.039852905814768746e-06 1.668770528340246528e-05 1.000000000000000000e+00
8.919128049456048757e-06 5.262334980216110125e-06 1.453947606933070347e-05 1.000000000000000000e+00
7.770956472086254507e-06 4.584907856042264029e-06 1.266779054276412353e-05 1.000000000000000000e+00
6.770590971427736804e-06 3.994686721853213385e-06 1.103704926208592951e-05 1.000000000000000000e+00
5.899004008824704215e-06 3.480445684544974938e-06 9.616235729481559247e-06 1.000000000000000000e+00
5.139617314853239805e-06 3.032403583347331733e-06 8.378325219382531941e-06 1.000000000000000000e+00
4.477987204154487699e-06 2.642038452904671431e-06 7.299773187696700916e-06 1.000000000000000000e+00
3.901529908034717664e-06 2.301925178471719846e-06 6.360064162436174229e-06 1.000000000000000000e+00
3.399280785743030719e-06 2.005595206355792470e-06 5.541325208469061181e-06 1.000000000000000000e+00
2.961686732305679470e-06 1.747412284203164745e-06 4.827983048016903922e-06 1.000000000000000000e+00
2.580425416454090737e-06 1.522465595371613745e-06 4.206470748613355681e-06 1.000000000000000000e+00
2.248244072688976303e-06 1.326476308349811006e-06 3.664966243377421051e-06 1.000000000000000000e+00
1.958824668690795079e-06 1.155717200163053349e-06 3.193170414306223392e-06 1.000000000000000000e+00
1.706662601463904139e-06 1.006940124170796480e-06 2.782109504551044665e-06 1.000000000000000000e+00
1.486961650698503945e-06 8.773154718255682383e-07 2.423964815534418449e-06 1.000000000000000000e+00
1.295543142987298779e-06 7.643775461474433541e-07 2.111924686687416397e-06 1.000000000000000000e+00
1.128766143665416166e-06 6.659782343376718927e-07 1.840053869273106102e-06 1.000000000000000000e+00
9.834586762735852972e-07 5.802460236736806110e-07 1.603181317477719858e-06 1.000000000000000000e+00
8.568567295696993824e-07 5.055501901551906485e-07 1.396801621922350023e-06 1.000000000000000000e+00
7.465524163308145944e-07 4.404700746363232611e-07 1.216989403474144638e-06 1.000000000000000000e+00
6.504477596536162309e-07 3.837677979845466325e-07 1.060324734680762049e-06 1.000000000000000000e+00
5.667148457177972887e-07 3.343648984355240827e-07 9.238277129952621181e-07 1.000000000000000000e+00
4.937609219268779270e-07 2.913216405886487337e-07 8.049021289480151609e-07 1.000000000000000000e+00
4.301984688481752528e-07 2.538194507906155195e-07 7.012859555288741831e-07 1.000000000000000000e+00
3.748184838059387403e-07 2.211449299238665844e-07 6.110084314059349708e-07 1.000000000000000000e+00
3.265676298269681865e-07 1.926766515225608600e-07 5.323524874256690964e-07 1.000000000000000000e+00
2.845281699137558462e-07 1.678731393894850044e-07 4.638220332253695233e-07 1.000000000000000000e+00
2.479004876931867329e-07 1.462626215698037413e-07 4.041135639454296324e-07 1.000000000000000000e+00
2.159879244345574989e-07 1.274340348800251377e-07 3.520914617638482014e-07 1.000000000000000000e+00
1.881835203221271513e-07 1.110292799921808182e-07 3.067662248668057146e-07 1.000000000000000000e+00
1.639584183976694476e-07 9.673632206386173493e-08 2.672757943855685880e-07 1.000000000000000000e+00
1.428518174861892476e-07 8.428331454979343107e-08 2.328689987507459591e-07 1.000000000000000000e+00
1.244623177854009555e-07 7.343339802901027724e-08 2.028914707352669211e-07 1.000000000000000000e+00
1.084401048956351588e-07 6.398022378562018275e-08 1.767729855828292784e-07 1.000000000000000000e+00
9.448045545923378086e-08 5.574396411134330265e-08 1.540167744451537146e-07 1.000000000000000000e+00
8.231784676127062994e-08 4.856796920194028644e-08 1.341899888984698919e-07 1.000000000000000000e+00
7.172095450869164779e-08 4.231574735058529768e-08 1.169155297020552098e-07 1.000000000000000000e+00
6.248821904364376678e-08 3.686838567773520481e-08 1.018648490003215556e-07 1.000000000000000000e+00
5.444402262355652056e-08 3.212226928894779121e-08 8.875164780874911230e-08 1.000000000000000000e+00
4.743537118656604434e-08 2.798712905871525436e-08 7.732653273251344217e-08 1.000000000000000000e+00
4.132895270458902814e-08 2.438431323525946937e-08 6.737218427588231862e-08 1.000000000000000000e+00
3.600862186203812598e-08 2.124528819535953517e-08 5.869927122148510534e-08 1.000000000000000000e+00
3.137318316248638439e-08 1.851035413835688814e-08 5.114283752050141629e-08 1.000000000000000000e+00
2.733447423963752954e-08 1.612749400692337076e-08 4.455914393020066200e-08 1.000000000000000000e+00
2.381567121290117939e-08 1.405138227994484623e-08 3.882298571511455521e-08 1.000000000000000000e+00
2.074984806199609011e-08 1.224252965670302729e-08 3.382525548545345373e-08 1.000000000000000000e+00
1.807869232095526968e-08 1.066653254611082957e-08 2.947088439952949557e-08 1.000000000000000000e+00
1.575139840781503153e-08 9.293416702860213263e-09 2.567705692513300164e-08 1.000000000000000000e+00
1.372370128649436083e-08 8.097063464163056778e-09 2.237161567109069438e-08 1.000000000000000000e+00
1.195703180911777963e-08 7.054718587085062609e-09 1.949168826342884131e-08 1.000000000000000000e+00
1.041778752153277310e-08 6.146555264763264859e-09 1.698249718629085692e-08 1.000000000000000000e+00
9.076691398490766005e-09 5.355301091469755193e-09 1.479631794865099437e-08 1.000000000000000000e+00
7.908236732134810154e-09 4.665905883882714988e-09 1.289156781325573320e-08 1.000000000000000000e+00
6.890199077957959162e-09 4.065257908081321148e-09 1.123201975872234470e-08 1.000000000000000000e+00
6.003214814143120748e-09 3.541932080963761109e-09 9.786107035836266732e-09 1.000000000000000000e+00
5.230412991608091033e-09 3.085974586980455570e-09 8.526328088009904604e-09 1.000000000000000000e+00
4.557095145685252646e-09 2.688713029996847581e-09 7.428722081925798193e-09 1.000000000000000000e+00
3.970453743562529780e-09 2.342591232107338328e-09 6.472412827918105904e-09 1.000000000000000000e+00
3.459332154065464238e-09 2.041026236909715408e-09 5.639210431951369173e-09 1.000000000000000000e+00
3.014007710078203672e-09 1.778282188169555411e-09 4.913266682393668816e-09 1.000000000000000000e+00
2.626010520145882765e-09 1.549361527963810659e-09 4.280775733889186085e-09 1.000000000000000000e+00
2.287960709779213175e-09 1.349910072612203749e-09 3.729705877475453235e-09 1.000000000000000000e+00
1.993428533353380772e-09 1.176134301061892984e-09 3.249575941666194012e-09 1.000000000000000000e+00
1.736811916508429476e-09 1.024728746301661886e-09 2.831253897994656654e-09 1.000000000000000000e+00
1.513229985761199714e-09 8.928141004282963422e-10 2.466782778043352664e-09 1.000000000000000000e+00
1.318430031815864822e-09 7.778809263392361117e-10 2.149230349246522564e-09 1.000000000000000000e+00
1.148706907372343267e-09 6.777433059212967237e-10 1.872557220394810429e-09 1.000000000000000000e+00
1.000832416941932479e-09 5.904964850422800282e-10 1.631500490262283165e-09 1.000000000000000000e+00
8.719940880475007816e-10 5.144811243695812664e-10 1.421475270824146264e-09 1.000000000000000000e+00
7.597412143844906041e-10 4.482512694359286343e-10 1.238486757593193488e-09 1.000000000000000000e+00
6.619387260542453078e-10 3.905473167087336606e-10 1.079054734454132358e-09 1.000000000000000000e+00
5.767265554013079054e-10 3.402716997058519155e-10 9.401465161928967973e-10 1.000000000000000000e+00
5.024837768097256685e-10 2.964681000694469049e-10 8.191202161000887827e-10 1.000000000000000000e+00
4.377984086367803229e-10 2.583033509306886799e-10 7.136737312229968211e-10 1.000000000000000000e+00
3.814400462154310389e-10 2.250516439872285446e-10 6.218016102010892610e-10 1.000000000000000000e+00
3.323367692154022279e-10 1.960804713041497394e-10 5.417562509713036434e-10 1.000000000000000000e+00
2.895546302728035926e-10 1.708387875609673756e-10 4.720152602111227225e-10 1.000000000000000000e+00
2.522798636661605087e-10 1.488464906884701122e-10 4.112520879395731299e-10 1.000000000000000000e+00
2.198035503608863905e-10 1.296852902843426136e-10 3.583110752547469247e-10 1.000000000000000000e+00
1.915079483882919931e-10 1.129907278851760566e-10 3.121852221177334741e-10 1.000000000000000000e+00
1.668548910149780795e-10 9.844528664482155023e-11 2.719972025388983639e-10 1.000000000000000000e+00
1.453754477909185994e-10 8.577229898554250553e-11 2.369826557213627893e-10 1.000000000000000000e+00
1.266610843986271107e-10 7.473071467201108931e-11 2.064755866282297347e-10 1.000000000000000000e+00
1.103558425197270765e-10 6.511053501911945318e-11 1.798957233178910542e-10 1.000000000000000000e+00
9.614958829118336325e-11 5.672877098628070769e-11 1.567375118582958748e-10 1.000000000000000000e+00
8.377212812327172742e-11 4.942600148605258426e-11 1.365604851422119737e-10 1.000000000000000000e+00
7.298803228472650062e-11 4.306332720971361994e-11 1.189808807033898574e-10 1.000000000000000000e+00
6.359218013285428128e-11 3.751973037813272072e-11 1.036643201834941408e-10 1.000000000000000000e+00
5.540587433294774655e-11 3.268976755954611235e-11 9.031947412196927871e-11 1.000000000000000000e+00
4.827340263635626627e-11 2.848156779866606314e-11 7.869253165759815261e-11 1.000000000000000000e+00
4.205910272836455022e-11 2.481509789320490711e-11 6.856234330276933520e-11 1.000000000000000000e+00
3.664477749021344266e-11 2.162062195942837661e-11 5.973622985155913057e-11 1.000000000000000000e+00
3.192744679747505643e-11 1.883737089924952812e-11 5.204630823540945528e-11 1.000000000000000000e+00
2.781738381307796715e-11 1.641241136052240535e-11 4.534631697916680082e-11 1.000000000000000000e+00
2.423641669302423196e-11 1.429961964810599895e-11 3.950883370462676680e-11 1.000000000000000000e+00
2.111643152002962154e-11 1.245881002531756820e-11 3.442280835375122194e-11 1.000000000000000000e+00
1.839808687342792126e-11 1.085497056824147322e-11 2.999151621496665143e-11 1.000000000000000000e+00
1.602967758529416642e-11 9.457596164552661833e-12 2.613067054402229417e-11 1.000000000000000000e+00
1.396615462168071531e-11 8.240107381152217414e-12 2.276683529200962397e-11 1.000000000000000000e+00
1.216827333339054462e-11 7.179346960678456568e-12 1.983603038768766424e-11 1.000000000000000000e+00
1.060183538181824758e-11 6.255140502786638024e-12 1.728251222687937627e-11 1.000000000000000000e+00
9.237046891263922532e-12 5.449907886090343823e-12 1.505771028698088543e-11 1.000000000000000000e+00
8.047949459633052527e-12 4.748334538062781718e-12 1.311931206032790342e-11 1.000000000000000000e+00
7.011926195926720951e-12 4.137075231003262132e-12 1.143044513207680524e-11 1.000000000000000000e+00
6.109271942500438257e-12 3.604504498697091996e-12 9.958988494984666318e-12 1.000000000000000000e+00
5.322817273750723999e-12 3.140491989725435751e-12 8.676954120490076861e-12 1.000000000000000000e+00
4.637604102825099162e-12 2.736212515244695886e-12 7.559958735414706865e-12 1.000000000000000000e+00
4.040599452248549994e-12 2.383976262926301715e-12 6.586755446624792398e-12 1.000000000000000000e+00
3.520448038987766815e-12 2.077083730706030806e-12 5.738833887269922940e-12 1.000000000000000000e+00
3.067256084537950400e-12 1.809697790927655703e-12 5.000066766874811108e-12 1.000000000000000000e+00
2.672404181627840991e-12 1.576732884880915897e-12 4.356401957922306778e-12 1.000000000000000000e+00
2.328382061808631498e-12 1.373757769866645884e-12 3.795596215799834638e-12 1.000000000000000000e+00
2.028646564969371902e-12 1.196911927209276527e-12 3.306984026896220286e-12 1.000000000000000000e+00
1.767496197145612680e-12 1.042831836509106047e-12 2.881271827029352472e-12 1.000000000000000000e+00
1.539964119764980488e-12 9.085866282433630037e-13 2.510361927013371464e-12 1.000000000000000000e+00
1.341722523015564938e-12 7.916231689261699067e-13 2.187199856992783076e-12 1.000000000000000000e+00
1.169000768581895944e-12 6.897165672793692526e-13 1.905638841170897990e-12 1.000000000000000000e+00
1.018513723881342425e-12 6.009284866589914564e-13 1.660323354496506809e-12 1.000000000000000000e+00
8.873992035987599003e-13 5.235701195510644723e-13 1.446587749760752661e-12 1.000000000000000000e+00
7.731631632666713383e-13 4.561701493974168464e-13 1.260366594077466651e-12 1.000000000000000000e+00
6.736328617314157885e-13 3.974467510745732790e-13 1.098117907369355883e-12 1.000000000000000000e+00
5.869151735796163116e-13 3.462829252943305791e-13 9.567557249928748675e-13 1.000000000000000000e+00
5.113608104664879583e-13 3.017054921866657580e-13 8.335912255602595522e-13 1.000000000000000000e+00
4.455326895174555046e-13 2.628665243375322147e-13 7.262819360677463809e-13 1.000000000000000000e+00
3.881786927485697536e-13 2.290273548068155751e-13 6.327866832953055187e-13 1.000000000000000000e+00
3.382079230389301028e-13 1.995443469748198195e-13 5.513272130497348655e-13 1.000000000000000000e+00
2.946699687641357590e-13 1.738567514779354450e-13 4.803541462164440112e-13 1.000000000000000000e+00
2.567367163048422940e-13 1.514759455020775469e-13 4.185174884603626300e-13 1.000000000000000000e+00
2.236866562203149167e-13 1.319762306167468480e-13 3.646411514748870708e-13 1.000000000000000000e+00
1.948911816434736877e-13 1.149867554688446813e-13 3.177003473665840350e-13 1.000000000000000000e+00
1.698025942943603983e-13 1.001843600483345864e-13 2.768023440666289581e-13 1.000000000000000000e+00
1.479436825867555538e-13 8.728749737981281176e-14 2.411692265162634907e-13 1.000000000000000000e+00
1.288986956450924315e-13 7.605086672175451201e-14 2.101231786223040077e-13 1.000000000000000000e+00
1.123054015235436243e-13 6.626074472090848211e-14 1.830737438816149032e-13 1.000000000000000000e+00
9.784818219343502377e-14 5.773091965415033666e-14 1.595064277057703372e-13 1.000000000000000000e+00
8.525205687876999394e-14 5.029914744263119797e-14 1.389729531540290219e-13 1.000000000000000000e+00
7.427744400448355044e-14 4.382407522811326839e-14 1.210827770513345225e-13 1.000000000000000000e+00
6.471560754731792153e-14 3.818254442006577265e-14 1.054956293221158414e-13 1.000000000000000000e+00
5.638468275723403089e-14 3.326725966099411402e-14 9.191503488230681751e-14 1.000000000000000000e+00
4.912621009859133303e-14 2.898472206604857382e-14 8.008269611683993539e-14 1.000000000000000000e+00
4.280212997725095503e-14 2.525348094702117852e-14 6.977354620723436041e-14 1.000000000000000000e+00
3.729216032657099722e-14 2.200256680139327931e-14 6.079150719059608909e-14 1.000000000000000000e+00
3.249149267779000150e-14 1.917014791808120677e-14 5.296573252146392907e-14 1.000000000000000000e+00
2.830882196139163781e-14 1.670235130757369291e-14 4.614738495847814370e-14 1.000000000000000000e+00
2.466458976077209875e-14 1.455223609799979889e-14 4.020677020488694353e-14 1.000000000000000000e+00
2.148948506392345942e-14 1.267890753866608711e-14 3.503090084179018293e-14 1.000000000000000000e+00
1.872311611577238272e-14 1.104673603567925266e-14 3.052132453566260006e-14 1.000000000000000000e+00
1.631286522963543151e-14 9.624676137456530944e-15 2.659227411839701349e-14 1.000000000000000000e+00
1.421288928834130855e-14 8.385679540893250378e-15 2.316901587305717630e-14 1.000000000000000000e+00
1.238324560622929005e-14 7.306180095330901819e-15 2.018643837698765042e-14 1.000000000000000000e+00
1.078913383466143308e-14 6.365645722128041029e-15 1.758780905744723733e-14 1.000000000000000000e+00
9.400234429290769966e-15 5.546187932471604437e-15 1.532370693009543761e-14 1.000000000000000000e+00
8.190129279525386330e-15 4.832220049582692037e-15 1.335106629879500087e-14 1.000000000000000000e+00
7.135801959089541069e-15 4.210162017734449258e-15 1.163236614508140337e-14 1.000000000000000000e+00
6.217200657022883131e-15 3.668182057203154406e-15 1.013491607938831265e-14 1.000000000000000000e+00
5.416852354172977183e-15 3.195971988778959459e-15 8.830234618864302859e-15 1.000000000000000000e+00
4.719534174411768937e-15 2.784550298605653444e-15 7.693507086286612007e-15 1.000000000000000000e+00
4.111982852334676933e-15 2.426091249283553880e-15 6.703112118643626827e-15 1.000000000000000000e+00
3.582641893925837123e-15 2.113777496136684531e-15 5.840211703188411679e-15 1.000000000000000000e+00
3.121443889090658522e-15 1.841668161831240547e-15 5.088393729534967241e-15 1.000000000000000000e+00
2.719616752869138780e-15 1.604587875059498153e-15 4.433358163951272787e-15 1.000000000000000000e+00
2.369516859945255093e-15 1.398027138289393862e-15 3.862645998816164813e-15 1.000000000000000000e+00
2.064485896078878217e-15 1.218057306832443822e-15 3.365402295152342647e-15 1.000000000000000000e+00
1.798721897339553011e-15 1.061255097032319777e-15 2.932169506587238399e-15 1.000000000000000000e+00
1.567169982856302622e-15 9.246383176399761497e-16 2.554707273093488606e-15 1.000000000000000000e+00
1.365426110698996724e-15 8.056084303919143572e-16 2.225836355168402635e-15 1.000000000000000000e+00
1.189653009858336521e-15 7.019013691596828579e-16 1.939301626254744289e-15 1.000000000000000000e+00
1.036507335412390884e-15 6.115446589069224032e-16 1.689652852853405773e-15 1.000000000000000000e+00
9.030763528137890871e-16 5.328197227232132210e-16 1.472141674141197887e-15 1.000000000000000000e+00
7.868221395943204334e-16 4.642291122369281153e-16 1.282630757687257001e-15 1.000000000000000000e+00
6.855335162451775717e-16 4.044682643603974550e-16 1.117516084180134473e-15 1.000000000000000000e+00
5.972838533882713925e-16 3.524005402877447742e-16 9.736567495722929511e-16 1.000000000000000000e+00
5.203946493594990928e-16 3.070355467453929820e-16 8.483165198067458244e-16 1.000000000000000000e+00
4.534035547149853265e-16 2.675104483276655653e-16 7.391116324116826786e-16 1.000000000000000000e+00
3.950363142647044055e-16 2.330735032938743324e-16 6.439648449630807486e-16 1.000000000000000000e+00
3.441827589823815607e-16 2.030696640082160906e-16 5.610664186295720186e-16 1.000000000000000000e+00
2.998756566515911864e-16 1.769282420224782548e-16 4.888395486402834049e-16 1.000000000000000000e+00
2.612722888991540586e-16 1.541520422315123518e-16 4.259106122525644494e-16 1.000000000000000000e+00
2.276383575691395041e-16 1.343078469874672094e-16 3.710825666234876139e-16 1.000000000000000000e+00
1.983341674979133143e-16 1.170182237030022317e-16 3.233126083158644479e-16 1.000000000000000000e+00
1.728023445364025579e-16 1.019543118363459367e-16 2.816921356750871040e-16 1.000000000000000000e+00
1.505572608731447029e-16 8.882960249308955716e-17 2.454295170026076335e-16 1.000000000000000000e+00
1.311758235509862263e-16 7.739445256436458943e-17 2.138350424862344216e-16 1.000000000000000000e+00
1.142893747145244947e-16 6.743136648862879060e-17 1.863077687196701437e-16 1.000000000000000000e+00
9.957674329296231901e-17 5.875083387882381182e-17 1.623241234623932355e-16 1.000000000000000000e+00
8.675809739379546017e-17 5.118775941085141939e-17 1.414279265327480530e-16 1.000000000000000000e+00
7.558960402477798686e-17 4.459828975874374139e-17 1.232217209551253164e-16 1.000000000000000000e+00
6.585884982205118202e-17 3.885709382480919327e-17 1.073592290727756271e-16 1.000000000000000000e+00
5.738075146919508060e-17 3.385497053330097453e-17 9.353874172035394371e-17 1.000000000000000000e+00
4.999404845143124473e-17 2.949677757016323592e-17 8.149737428174601349e-17 1.000000000000000000e+00
4.355824579607876779e-17 2.569962151185081344e-17 7.100611022383795500e-17 1.000000000000000000e+00
3.795093731609205272e-17 2.239127625599802692e-17 6.186540049565747586e-17 1.000000000000000000e+00
3.306546303456606194e-17 1.950881982776919265e-17 5.390139489350308114e-17 1.000000000000000000e+00
2.880890409893148874e-17 1.699742504180307086e-17 4.696260355999180933e-17 1.000000000000000000e+00
2.510029441647041766e-17 1.480932387208594930e-17 4.091705479147450021e-17 1.000000000000000000e+00
2.186910360507290224e-17 1.290290086200028514e-17 3.564975063047158164e-17 1.000000000000000000e+00
1.905386718214257722e-17 1.124189406785297877e-17 3.106051619608043177e-17 1.000000000000000000e+00
1.660103843790643489e-17 9.794710980508792387e-18 2.706205415517465426e-17 1.000000000000000000e+00
1.446396604017770960e-17 8.533825510723798901e-18 2.357832179404224928e-17 1.000000000000000000e+00
1.260199985211370792e-17 7.435255210998248376e-18 2.054305532817281890e-17 1.000000000000000000e+00
1.097972909887164728e-17 6.478105085468745058e-18 1.789852251389383709e-17 1.000000000000000000e+00
9.566294153339011878e-18 5.644170129623915635e-18 1.559442249815595424e-17 1.000000000000000000e+00
8.334812472788440867e-18 4.917588741627749527e-18 1.358693290646733606e-17 1.000000000000000000e+00
7.261861610994882715e-18 4.284540801396017023e-18 1.183786942739130968e-17 1.000000000000000000e+00
6.327032540704816572e-18 3.732986281522702530e-18 1.031396533823282998e-17 1.000000000000000000e+00
5.512545841832027660e-18 3.252434463889102272e-18 8.986237057508651433e-18 1.000000000000000000e+00
4.802908835093704047e-18 2.833744589136199019e-18 7.829428279575692442e-18 1.000000000000000000e+00
4.184624414434817981e-18 2.468953182711791635e-18 6.821536413730348747e-18 1.000000000000000000e+00
3.645932139496396791e-18 2.151121646842632184e-18 5.943391135686397654e-18 1.000000000000000000e+00
3.176586551211358676e-18 1.874205152407336280e-18 5.178290428105474706e-18 1.000000000000000000e+00
2.767660509613878223e-18 1.632936316662742811e-18 4.511682116061240764e-18 1.000000000000000000e+00
2.411376035404119314e-18 1.422726355160713856e-18 3.930887175124483018e-18 1.000000000000000000e+00
2.100956658208894406e-18 1.239576987012897786e-18 3.424858815009708923e-18 1.000000000000000000e+00
1.830497756020646851e-18 1.080004541069527526e-18 2.983972168904404587e-18 1.000000000000000000e+00
1.594855299405062507e-18 9.409740916631460169e-19 2.599841486553660554e-18 1.000000000000000000e+00
1.389547417008175932e-18 8.198412974717860831e-19 2.265160488401949068e-18 1.000000000000000000e+00
1.210669092555700851e-18 7.143019952003929814e-19 1.973563399250215167e-18 1.000000000000000000e+00
1.054818028790630094e-18 6.223489276950302210e-19 1.719503766296137662e-18 1.000000000000000000e+00
9.190299205903033149e-19 5.422331766468192786e-19 1.498149820786641179e-18 1.000000000000000000e+00
8.007218964920236860e-19 4.724308685722843389e-19 1.305291006608677671e-18 1.000000000000000000e+00
6.976438184344938336e-19 4.116142493413070812e-19 1.137259191335880735e-18 1.000000000000000000e+00
6.078352166671747974e-19 3.586266361142028075e-19 9.908582524789220421e-19 1.000000000000000000e+00
5.295878081287797217e-19 3.124601868627580806e-19 8.633038483971598163e-19 1.000000000000000000e+00
4.614132881021725714e-19 2.722367976679595770e-19 7.521696515588228891e-19 1.000000000000000000e+00
4.020149734289940487e-19 2.371914040113781730e-19 6.553419053061085674e-19 1.000000000000000000e+00
3.502630646394674293e-19 2.066574404909639108e-19 5.709788920051675353e-19 1.000000000000000000e+00
3.051732426540487525e-19 1.800541487685221380e-19 4.974760363640117726e-19 1.000000000000000000e+00
2.658879021232795245e-19 1.568755398784147536e-19 4.334352997498500935e-19 1.000000000000000000e+00
2.316598146106887964e-19 1.366807524035451359e-19 3.776386070119098802e-19 1.000000000000000000e+00
2.018379631248031930e-19 1.190856643469589728e-19 3.290246854242855981e-19 1.000000000000000000e+00
1.758551085605644756e-19 1.037556036026961378e-19 2.866689280079019583e-19 1.000000000000000000e+00
1.532170492760634236e-19 9.039900192952875965e-20 2.497656608461323118e-19 1.000000000000000000e+00
1.334932248377691149e-19 7.876181794417502538e-20 2.176130211892254146e-19 1.000000000000000000e+00
1.163084700637975381e-19 6.862270974694310879e-20 1.895993865223807297e-19 1.000000000000000000e+00
1.013359258275680714e-19 5.978880854578890746e-20 1.651920008323258227e-19 1.000000000000000000e+00
8.829082874086079950e-20 5.209211912818172991e-20 1.439266219249623778e-19 1.000000000000000000e+00
7.692503108225834958e-20 4.538623375687395804e-20 1.253987584807519646e-19 1.000000000000000000e+00
6.702238021794295863e-20 3.954360182764476854e-20 1.092560057093528510e-19 1.000000000000000000e+00
5.839449868810274575e-20 3.445310325742502616e-20 9.519133743184008119e-20 1.000000000000000000e+00
5.087730100107103964e-20 3.001790944693200989e-20 8.293723180588664197e-20 1.000000000000000000e+00
4.432780446432407457e-20 2.615366574514378372e-20 7.226061130686011108e-20 1.000000000000000000e+00
3.862143115396738966e-20 2.278687101540390236e-20 6.295840955672725581e-20 1.000000000000000000e+00
3.364964592634607789e-20 1.985348984607339743e-20 5.485369391493269065e-20 1.000000000000000000e+00
2.931788523533913572e-20 1.729772470430901910e-20 4.779230182598611286e-20 1.000000000000000000e+00
2.554375575270517279e-20 1.507096580442620584e-20 4.163993599379556349e-20 1.000000000000000000e+00
2.417339535869183547e-20 1.426244360768250418e-20 3.940605397023941762e-20 1.000000000000000000e+00
2.417339535869183547e-20 1.426244360768250418e-20 3.940605397023941762e-20 1.000000000000000000e+00
2.417339535869183547e-20 1.426244360768250418e-20 3.940605397023941762e-20 1.000000000000000000e+00
2.417339535869183547e-20 1.426244360768250418e-20 3.940605397023941762e-20 1.000000000000000000e+00
2.417339535869183547e-20 1.426244360768250418e-20 3.940605397023941762e-20 1.000000000000000000e+00
2.417339535869183547e-20 1.426244360768250418e-20 3.940605397023941762e-20 1.000000000000000000e+00
2.417339535869183547e-20 1.426244360768250418e-20 3.940605397023941762e-20 1.000000000000000000e+00
2.417339535869183547e-20 1.426244360768250418e-20 3.940605397023941762e-20 1.000000000000000000e+00
2.417339535869183547e-20 1.426244360768250418e-20 3.940605397023941762e-20 1.000000000000000000e+00
2.417339535869183547e-20 1.426244360768250418e-20 3.940605397023941762e-20 1.000000000000000000e+00
2.417339535869183547e-20 1.426244360768250418e-20 3.940605397023941762e-20 1.000000000000000000e+00
2.417339535869183547e-20 1.426244360768250418e-20 3.940605397023941762e-20 1.000000000000000000e+00
2.417339535869183547e-20 1.426244360768250418e-20 3.940605397023941762e-20 1.000000000000000000e+00
2.417339535869183547e-20 1.426244360768250418e-20 3.940605397023941762e-20 1.000000000000000000e+00
2.417339535869183547e-20 1.426244360768250418e-20 3.940605397023941762e-20 1.000000000000000000e+00
2.417339535869183547e-20 1.426244360768250418e-20 3.940605397023941762e-20 1.000000000000000000e+00
2.417339535869183547e-20 1.426244360768250418e-20 3.940605397023941762e-20 1.000000000000000000e+00
2.417339535869183547e-20 1.426244360768250418e-20 3.940605397023941762e-20 1.000000000000000000e+00
2.417339535869183547e-20 1.426244360768250418e-20 3.940605397023941762e-20 1.000000000000000000e+00
2.417339535869183547e-20 1.426244360768250418e-20 3.940605397023941762e-20 1.000000000000000000e+00
2.417339535869183547e-20 1.426244360768250418e-20 3.940605397023941762e-20 1.000000000000000000e+00
2.417339535869183547e-20 1.426244360768250418e-20 3.940605397023941762e-20 1.000000000000000000e+00
2.417339535869183547e-20 1.426244360768250418e-20 3.940605397023941762e-20 1.000000000000000000e+00
2.417339535869183547e-20 1.426244360768250418e-20 3.940605397023941762e-20 1.000000000000000000e+00
2.417339535869183547e-20 1.426244360768250418e-20 3.940605397023941762e-20 1.000000000000000000e+00
2.417339535869183547e-20 1.426244360768250418e-20 3.940605397023941762e-20 1.000000000000000000e+00
2.417339535869183547e-20 1.426244360768250418e-20 3.940605397023941762e-20 1.000000000000000000e+00
2.417339535869183547e-20 1.426244360768250418e-20 3.940605397023941762e-20 1.000000000000000000e+00
2.417339535869183547e-20 1.426244360768250418e-20 3.940605397023941762e-20 1.000000000000000000e+00
2.417339535869183547e-20 1.426244360768250418e-20 3.940605397023941762e-20 1.000000000000000000e+00
2.417339535869183547e-20 1.426244360768250418e-20 3.940605397023941762e-20 1.000000000000000000e+00
2.417339535869183547e-20 1.426244360768250418e-20 3.940605397023941762e-20 1.000000000000000000e+00
2.417339535869183547e-20 1.426244360768250418e-20 3.940605397023941762e-20 1.000000000000000000e+00
2.417339535869183547e-20 1.426244360768250418e-20 3.940605397023941762e-20 1.000000000000000000e+00
2.417339535869183547e-20 1.426244360768250418e-20 3.940605397023941762e-20 1.000000000000000000e+00
2.417339535869183547e-20 1.426244360768250418e-20 3.940605397023941762e-20 1.000000000000000000e+00
2.417339535869183547e-20 1.426244360768250418e-20 3.940605397023941762e-20 1.000000000000000000e+00
2.417339535869183547e-20 1.426244360768250418e-20 3.940605397023941762e-20 1.000000000000000000e+00
2.417339535869183547e-20 1.426244360768250418e-20 3.940605397023941762e-20 1.000000000000000000e+00
2.417339535869183547e-20 1.426244360768250418e-20 3.940605397023941762e-20 1.000000000000000000e+00
2.417339535869183547e-20 1.426244360768250418e-20 3.940605397023941762e-20 1.000000000000000000e+00
2.417339535869183547e-20 1.426244360768250418e-20 3.940605397023941762e-20 1.000000000000000000e+00
2.417339535869183547e-20 1.426244360768250418e-20 3.940605397023941762e-20 1.000000000000000000e+00
2.417339535869183547e-20 1.426244360768250418e-20 3.940605397023941762e-20 1.000000000000000000e+00
2.417339535869183547e-20 1.426244360768250418e-20 3.940605397023941762e-20 1.000000000000000000e+00
2.417339535869183547e-20 1.426244360768250418e-20 3.940605397023941762e-20 1.000000000000000000e+00
2.417339535869183547e-20 1.426244360768250418e-20 3.940605397023941762e-20 1.000000000000000000e+00
2.417339535869183547e-20 1.426244360768250418e-20 3.940605397023941762e-20 1.000000000000000000e+00
2.417339535869183547e-20 1.426244360768250418e-20 3.940605397023941762e-20 1.000000000000000000e+00
2.417339535869183547e-20 1.426244360768250418e-20 3.940605397023941762e-20 1.000000000000000000e+00
2.417339535869183547e-20 1.426244360768250418e-20 3.940605397023941762e-20 1.000000000000000000e+00
2.417339535869183547e-20 1.426244360768250418e-20 3.940605397023941762e-20 1.000000000000000000e+00
2.417339535869183547e-20 1.426244360768250418e-20 3.940605397023941762e-20 1.000000000000000000e+00
2.417339535869183547e-20 1.426244360768250418e-20 3.940605397023941762e-20 1.000000000000000000e+00
2.417339535869183547e-20 1.426244360768250418e-20 3.940605397023941762e-20 1.000000000000000000e+00
2.417339535869183547e-20 1.426244360768250418e-20 3.940605397023941762e-20 1.000000000000000000e+00
2.417339535869183547e-20 1.426244360768250418e-20 3.940605397023941762e-20 1.000000000000000000e+00
2.417339535869183547e-20 1.426244360768250418e-20 3.940605397023941762e-20 1.000000000000000000e+00
2.417339535869183547e-20 1.426244360768250418e-20 3.940605397023941762e-20 1.000000000000000000e+00
2.417339535869183547e-20 1.426244360768250418e-20 3.940605397023941762e-20 1.000000000000000000e+00
2.417339535869183547e-20 1.426244360768250418e-20 3.940605397023941762e-20 1.000000000000000000e+00
2.417339535869183547e-20 1.426244360768250418e-20 3.940605397023941762e-20 1.000000000000000000e+00
2.417339535869183547e-20 1.426244360768250418e-20 3.940605397023941762e-20 1.000000000000000000e+00
2.417339535869183547e-20 1.426244360768250418e-20 3.940605397023941762e-20 1.000000000000000000e+00
2.417339535869183547e-20 1.426244360768250418e-20 3.940605397023941762e-20 1.000000000000000000e+00
2.417339535869183547e-20 1.426244360768250418e-20 3.940605397023941762e-20 1.000000000000000000e+00
2.417339535869183547e-20 1.426244360768250418e-20 3.940605397023941762e-20 1.000000000000000000e+00
2.417339535869183547e-20 1.426244360768250418e-20 3.940605397023941762e-20 1.000000000000000000e+00
2.417339535869183547e-20 1.426244360768250418e-20 3.940605397023941762e-20 1.000000000000000000e+00
2.417339535869183547e-20 1.426244360768250418e-20 3.940605397023941762e-20 1.000000000000000000e+00
