-2.000000094994902611e-03 -2.000000094994902611e-03 -2.000000094994902611e-03
-2.000000094994902611e-03 -2.000000094994902611e-03 -2.000000094994902611e-03
-2.000000094994902611e-03 -1.247355481609702110e-03 -2.000000094994902611e-03
-2.000000094994902611e-03 -6.529766833409667015e-04 -2.000000094994902611e-03
-1.759162987582385540e-03 -3.281494427938014269e-04 -2.000000094994902611e-03
-8.022060501389205456e-04 -1.537287316750735044e-04 -2.000000094994902611e-03
-2.505544980522245169e-04 -4.980641097063198686e-05 -2.000000094994902611e-03
6.998909520916640759e-05 2.999751814058981836e-05 -1.517199096269905567e-03
2.615062112454324961e-04 1.029235354508273304e-04 -5.865916609764099121e-04
3.853582020383328199e-04 1.702113804640248418e-04 -1.799509277589095291e-06
4.728567146230489016e-04 2.289219555677846074e-04 3.780120168812572956e-04
5.367634585127234459e-04 2.770883147604763508e-04 6.293686456046998501e-04
5.818926147185266018e-04 3.136975574307143688e-04 7.944973767735064030e-04
6.101612816564738750e-04 3.386040625628083944e-04 8.977099205367267132e-04
6.228486308827996254e-04 3.523936320561915636e-04 9.541541803628206253e-04
6.214634631760418415e-04 3.562010824680328369e-04 9.743535192683339119e-04
6.079433951526880264e-04 3.515226708259433508e-04 9.664625977165997028e-04
5.845474079251289368e-04 3.400253190193325281e-04 9.372651693411171436e-04
5.536613170988857746e-04 3.233914030715823174e-04 8.925831643864512444e-04
5.175988771952688694e-04 3.031969827134162188e-04 8.373957243748009205e-04
4.784462216775864363e-04 2.808288554660975933e-04 7.758644060231745243e-04
4.379765014164149761e-04 2.574426762294024229e-04 7.113564643077552319e-04
3.976110601797699928e-04 2.339543279958888888e-04 6.464891484938561916e-04
3.584218502510339022e-04 2.110507339239120483e-04 5.832046153955161572e-04
3.211704024579375982e-04 1.892161380965262651e-04 5.228633526712656021e-04
2.863476984202861786e-04 1.687657204456627369e-04 4.663438885472714901e-04
2.542301954235881567e-04 1.498786441516131163e-04 4.141460522077977657e-04
2.249270182801410556e-04 1.326307829003781080e-04 3.664793912321329117e-04
1.984264963539317250e-04 1.170221366919577122e-04 3.233449242543429136e-04
1.746311754686757922e-04 1.030003477353602648e-04 2.845975686796009541e-04
1.533893228042870760e-04 9.047909406945109367e-05 2.499974216334521770e-04
1.345163327641785145e-04 7.935144094517454505e-05 2.192495012423023582e-04
1.178125239675864577e-04 6.950101669644936919e-05 1.920310023706406355e-04
1.030743733281269670e-04 6.080864477553404868e-05 1.680131099419668317e-04
9.010361827677115798e-05 5.315785892889834940e-05 1.468737609684467316e-04
7.871138950577005744e-05 4.643766078515909612e-05 1.283057936234399676e-04
6.872187077533453703e-05 4.054468081449158490e-05 1.120232627727091312e-04
5.997407788527198136e-05 3.538398959790356457e-05 9.776426304597407579e-05
5.232155672274529934e-05 3.086933429585769773e-05 8.529031038051471114e-05
4.563284164760261774e-05 2.692318594199605286e-05 7.438730972353368998e-05
3.979051325586624444e-05 2.347633562749251723e-05 6.486379425041377544e-05
3.469012517598457634e-05 2.046717418124899268e-05 5.654962660628370941e-05
3.023935460078064352e-05 1.784127562132198364e-05 4.929431452183052897e-05
2.635681084939278662e-05 1.555057860969100147e-05 4.296528641134500504e-05
2.297076935064978898e-05 1.355282711301697418e-05 3.744559580809436738e-05
2.001843495236244053e-05 1.181096286018146202e-05 3.263289545429870486e-05
1.744462861097417772e-05 1.029241138894576579e-05 2.843725269485730678e-05
1.520114165032282472e-05 8.968740075943060219e-06 2.478004898875951767e-05
1.324574259342625737e-05 7.815052413207013160e-06 2.159248833777382970e-05
1.154160872829379514e-05 6.809604656154988334e-06 1.881448952190112323e-05
1.005650938168400899e-05 5.933390639256685972e-06 1.639356560190208256e-05
8.762382094573695213e-06 5.169850737729575485e-06 1.428393898095237091e-05
7.634688699909020215e-06 4.504511707636993378e-06 1.244566010427661240e-05
6.652069714618846774e-06 3.924760676454752684e-06 1.084384803107241169e-05
5.795883225800935179e-06 3.419601853238418698e-06 9.448131095268763602e-06
5.049868377682287246e-06 2.979447344841901213e-06 8.232009349740110338e-06
4.399856152303982526e-06 2.595937758087529801e-06 7.172400728450156748e-06
3.833500159089453518e-06 2.261784402435296215e-06 6.249154921533772722e-06
3.340037437737919390e-06 1.970638095372123644e-06 5.444739599624881521e-06
2.910087687268969603e-06 1.716964675324561540e-06 4.743861609313171357e-06
2.535480916776577942e-06 1.495945184615266044e-06 4.133197762712370604e-06
2.209093509009107947e-06 1.303375370298454072e-06 3.601137450459646061e-06
1.924719299495336600e-06 1.135593834078463260e-06 3.137568228339659981e-06
1.676951683293737005e-06 9.894097274809610099e-07 2.733670271481969394e-06
1.461079818909638561e-06 8.620441462880990002e-07 2.381767671977286227e-06
1.272994836654106621e-06 7.510731734328146558e-07 2.075161773973377421e-06
1.109121967601822689e-06 6.543874633280211128e-07 1.808025444915983826e-06
9.663438049756223336e-07 5.701474492525449023e-07 1.575276087351085152e-06
8.419461892117396928e-07 4.967520794707525056e-07 1.372489577988744713e-06
7.335619329751352780e-07 4.328048248680715915e-07 1.195807726617204025e-06
6.391296096808218863e-07 3.770893215460091596e-07 1.041870859808113892e-06
5.568533083533111494e-07 3.285464060809317743e-07 9.077502340915089007e-07
4.851688686358102132e-07 2.862521455426758621e-07 7.908948873591725715e-07
4.227125032230105717e-07 2.494026603017118759e-07 6.890821282468095887e-07
3.682961846607213374e-07 2.172967725755370338e-07 6.003759835948585533e-07
3.208848227131966269e-07 1.893239982564409729e-07 5.230891133578552399e-07
2.795769944441417465e-07 1.649520555702110869e-07 4.557509498681611149e-07
2.435867827443871647e-07 1.437175569662940688e-07 3.970813224896119209e-07
2.122296791640110314e-07 1.252166583753933082e-07 3.459641391145851230e-07
1.849091546546333120e-07 1.090972787665123178e-07 3.014279457147495123e-07
1.611053477290624869e-07 9.505305342827341519e-08 2.626247805892489851e-07
1.403660121468419675e-07 8.281677565946665709e-08 2.288168303721249686e-07
1.222965551050947397e-07 7.215565744900231948e-08 1.993609970440957113e-07
1.065530739197129151e-07 6.286696674351333058e-08 1.736967902843389311e-07
9.283649404778770986e-08 5.477404840803501429e-08 1.513366925109949079e-07
8.088554892538013519e-08 4.772287454102297488e-08 1.318548754625226138e-07
7.047304961815825664e-08 4.157946165150860907e-08 1.148810255813259573e-07
6.140093944395630388e-08 3.622687572146787716e-08 1.000923148808396945e-07
5.349672704824115499e-08 3.156333150400314480e-08 8.720726896171981934e-08
4.660999763927975437e-08 2.750014616026419390e-08 7.598094953209511004e-08
4.060981240172623075e-08 2.396003040416871954e-08 6.619986692157908692e-08
3.538206527764486964e-08 2.087561945529614604e-08 5.767790867139410693e-08
3.082726962588822062e-08 1.818827932709154993e-08 5.025292182381235762e-08
2.685883160324920027e-08 1.584688114064647380e-08 4.378381035508027708e-08
2.340126314948065556e-08 1.380688718910505486e-08 3.814745852537271276e-08
2.038878399446275580e-08 1.202951249723582805e-08 3.323670227928232634e-08
1.776409952469748532e-08 1.048094944167132780e-08 2.895813011605241627e-08
1.547731720563660929e-08 9.131716716126447864e-09 2.523029429823964165e-08
1.348490386021694576e-08 7.956173497802865313e-09 2.198236614958659629e-08
1.174898311973038290e-08 6.931958562716999950e-09 1.915254976836422429e-08
1.023652007603459424e-08 6.039599931284556078e-09 1.668701266055450105e-08
8.918757288256529137e-09 5.262110747139558953e-09 1.453887232827355547e-08
7.770632137749089452e-09 4.584712165467408340e-09 1.266726989967992267e-08
6.770311422599206708e-09 3.994517605576675123e-09 1.103659830192782465e-08
5.898761035183497370e-09 3.480296051350251219e-09 9.615842344601333025e-09
5.139404013476678301e-09 3.032274209502361373e-09 8.377981863816330588e-09
4.477797244106795915e-09 2.641926455382304084e-09 7.299474358291035969e-09
3.901364120650896439e-09 2.301827395356781381e-09 6.359805571065635377e-09
3.399134751447263625e-09 2.005509758262746800e-09 5.541102687800503190e-09
2.961561218484121127e-09 1.747338718161017823e-09 4.827790167638568164e-09
2.580316182942965497e-09 1.522402093279140445e-09 4.206298420683651784e-09
2.248150110517599387e-09 1.326421639191721624e-09 3.664817782578211336e-09
1.958743611751856406e-09 1.155669671071279936e-09 3.193041608895441641e-09
1.706592200889645028e-09 1.006899119637694184e-09 2.781993746481248309e-09
1.486898826286164876e-09 8.772790272004726830e-10 2.423864886580417988e-09
1.295489160391127825e-09 7.643455313122160533e-10 2.111837149598727592e-09
1.128720450438436274e-09 6.659505169537283109e-10 1.839976948581067973e-09
9.834186798229893611e-10 5.802220925943402108e-10 1.603112420589525300e-09
8.568225018379393987e-10 5.055294516331798604e-10 1.396741389214639639e-09
7.465232321202108778e-10 4.404520359546637565e-10 1.216937217662916737e-09
6.504223271086573277e-10 3.837520579086373118e-10 1.060279641862393873e-09
5.666925262381994344e-10 3.343512133824333432e-10 9.237883236146160471e-10
4.937411035577099483e-10 2.913094487855261150e-10 8.048677280214633356e-10
4.301809186646465832e-10 2.538085852599181180e-10 7.012565528263792203e-10
3.748026333738607718e-10 2.211353739012267283e-10 6.109828198930244980e-10
3.265540338137640219e-10 1.926681453268130895e-10 5.323304019810848331e-10
2.845160496089960134e-10 1.678658462234139392e-10 4.638029682535460552e-10
2.478899030489145616e-10 1.462562987386561986e-10 4.040968393237420742e-10
2.159787487743258794e-10 1.274285260643992501e-10 3.520770619491742082e-10
1.881754890797893154e-10 1.110245437252466161e-10 3.067534837253305113e-10
1.639514218831905623e-10 9.673217088446151024e-11 2.672645438295262466e-10
1.428458185070979880e-10 8.427984005132671541e-11 2.328591763856024954e-10
1.244570418945656343e-10 7.343038677110058643e-11 2.028831269651476532e-10
1.084354342428817120e-10 6.397753160580776921e-11 1.767656993001409660e-10
9.447648219307325235e-11 5.574160230614744194e-11 1.540103877761822559e-10
8.231442610862060860e-11 4.856595334223889893e-11 1.341843303137579824e-10
7.171795796123703326e-11 4.231401340426543811e-11 1.169106617071591359e-10
6.248561390531648385e-11 3.686688454518360913e-11 1.018606587965820154e-10
5.444176012781021257e-11 3.212096560956112512e-11 8.874789098056723446e-11
4.743340095703096893e-11 2.798596077102644131e-11 7.732330747911575486e-11
4.132724717997859898e-11 2.438329572973518822e-11 6.736933233497666151e-11
3.600712783491388791e-11 2.124440554029938255e-11 5.869679048364773166e-11
3.137190160429348396e-11 1.850959836791066238e-11 5.114069584477576313e-11
2.733332483961792292e-11 1.612683771246015141e-11 4.455729188390655793e-11
2.381467592571517855e-11 1.405080565786143154e-11 3.882140095501362964e-11
2.074898239334821426e-11 1.224202163252474662e-11 3.382383262362509413e-11
1.807793151287206967e-11 1.066609821298580840e-11 2.946965588224159660e-11
1.575072884618666791e-11 9.293037693536287946e-12 2.567599258207486912e-11
1.372311379116419872e-11 8.096732485862734308e-12 2.237069383903556030e-11
1.195651216923110383e-11 7.054425186364676748e-12 1.949088980490731871e-11
1.041733279499856835e-11 6.146297880371687228e-12 1.698180311648922469e-11
9.076298740362531703e-12 5.355072288382167756e-12 1.479569938789282446e-11
7.907901763970492937e-12 4.665705755774185448e-12 1.289103546131542544e-11
6.889903578222167368e-12 4.065082472026748661e-12 1.123155648347085034e-11
6.002961582679544605e-12 3.541778198848377635e-12 9.785706099607605069e-12
5.230196484240501320e-12 3.085839526614786443e-12 8.525971595396697467e-12
4.556908236169610049e-12 2.688595006350436023e-12 7.428409450060957653e-12
3.970291977128947991e-12 2.342489266796143887e-12 6.472136628715707829e-12
3.459189748880597826e-12 2.040939249201012551e-12 5.638973229332711057e-12
3.013883630512137479e-12 1.778205946205424492e-12 4.913055639405028430e-12
2.625902316769068712e-12 1.549294980501825236e-12 4.280592373617775337e-12
2.287866727665455180e-12 1.349852521426164742e-12 3.729550088898969662e-12
1.993346026435416363e-12 1.176085162417350727e-12 3.249440863953290126e-12
1.736740092017630133e-12 1.024685978429085154e-12 2.831136150169277776e-12
1.513167412550697755e-12 8.927770090046138751e-13 2.466679204643495993e-12
1.318375855534348329e-12 7.778490308460450642e-13 2.149140891291589917e-12
1.148658967421722910e-12 6.777158586927789496e-13 1.872478517725428837e-12
1.000791138329459873e-12 5.904726035378671245e-13 1.631430017121071607e-12
8.719577252076782248e-13 5.144601650068636456e-13 1.421414526879549722e-12
7.597098406093849565e-13 4.482329221330849656e-13 1.238434702011126376e-12
6.619113894143491272e-13 3.905313030426460497e-13 1.079009711441036856e-12
5.767024770057804783e-13 3.402574988257967004e-13 9.401072585332737042e-13
5.024629800773339205e-13 2.964558665826538819e-13 8.190853052238156184e-13
4.377801018830979052e-13 2.582927090526848657e-13 7.136433371329742315e-13
3.814243029493652459e-13 2.250424239319537278e-13 6.217751465607823658e-13
3.323231446972219061e-13 1.960722708325979280e-13 5.417330538153020125e-13
2.895427224803431843e-13 1.708314072883590495e-13 4.719949474665807720e-13
2.522693967783873337e-13 1.488401822581295053e-13 4.112349024677774967e-13
2.197943297635104876e-13 1.296798904154225496e-13 3.582963190463389624e-13
1.914998514580476541e-13 1.129860704236936020e-13 3.121720275941347600e-13
1.668479265339029016e-13 9.844115269035808025e-14 2.719859656507422896e-13
1.453692580807158796e-13 8.576870631901364894e-14 2.369729575329299065e-13
1.266556304280186396e-13 7.472759119397237582e-14 2.064671404764656382e-13
1.103511406601656586e-13 6.510779735442381866e-14 1.798884527665425836e-13
9.614559853560883385e-14 5.672640295321072779e-14 1.567311005371690991e-13
8.376865824263890481e-14 4.942390491010154041e-14 1.365548299436802893e-13
7.298498692345431471e-14 4.306147791317306572e-14 1.189760367049236267e-13
6.358950096086585235e-14 3.751811483558055438e-14 1.036600885966250385e-13
5.540353738937506267e-14 3.268838379231336910e-14 9.031578246778207419e-14
4.827137089569513706e-14 2.848038509672620733e-14 7.868933369487018936e-14
4.205732374233488169e-14 2.481406227684227611e-14 6.855950404833013878e-14
3.664324160941589970e-14 2.161970621516844104e-14 5.973369856474702866e-14
3.192609479736596700e-14 1.883658295532067428e-14 5.204408274782010291e-14
2.781619098740032575e-14 1.641173769150253148e-14 4.534437400755854386e-14
2.423540663672781731e-14 1.429903931534064893e-14 3.950711421419131342e-14
2.111555559309447050e-14 1.245831220711380791e-14 3.442133866349630922e-14
1.839731505700638314e-14 1.085453155445304310e-14 2.999024165399773179e-14
1.602901093648335940e-14 9.457214335652566750e-15 2.612956034810272332e-14
1.396558531389620675e-14 8.239772186498066364e-15 2.276585868335023050e-14
1.216776296554663780e-14 7.179050614343398390e-15 1.983519414255202618e-14
1.060139406410020094e-14 6.254873294384965393e-15 1.728178452393373116e-14
9.236667284978281045e-15 5.449672339780239558e-15 1.505708467522230698e-14
8.047616833182797552e-15 4.748130006711074116e-15 1.311875988971398371e-14
7.011629046604428775e-15 4.136900020544056686e-15 1.142996931640088282e-14
6.109018879548984773e-15 3.604355583528701112e-15 9.958581607461859664e-15
5.322594951318992268e-15 3.140360675901688811e-15 8.676597241792476101e-15
4.637412636109570011e-15 2.736094508308550312e-15 7.559649622599067670e-15
4.040430591148317166e-15 2.383874068401215483e-15 6.586484999169129467e-15
3.520301963073815127e-15 2.076995725676876979e-15 5.738592736989839641e-15
3.067130018930344648e-15 1.809622364337768602e-15 4.999860575338526889e-15
2.672294927930172342e-15 1.576668610326812346e-15 4.356221414543665418e-15
2.328285201897047074e-15 1.373699928527776729e-15 3.795438593132745980e-15
2.028561958236402459e-15 1.196861471997707430e-15 3.306848178058073746e-15
1.767423077026440952e-15 1.042787872958044707e-15 2.881154617998243211e-15
1.539899121844739982e-15 9.085487150486439012e-16 2.510260913252213705e-15
1.341665565979092718e-15 7.915898762961780764e-16 2.187110220578172837e-15
1.168951948143915048e-15 6.896868893624798300e-16 1.905560280559106048e-15
1.018471356987386660e-15 6.009022722598233567e-16 1.660254033320103517e-15
8.873615093620576631e-16 5.235472530496203952e-16 1.446526339025043777e-15
7.731303813975467024e-16 4.561501649255758021e-16 1.260313027713882289e-15
6.736049630072320736e-16 3.974297646758490413e-16 1.098071384084727941e-15
5.868908650045795341e-16 3.462684452660972668e-16 9.567154553524965035e-16
5.113396024555546052e-16 3.016928334910272793e-16 8.335559648492147766e-16
4.455139192673443493e-16 2.628554728869111510e-16 7.262510782339614331e-16
3.881621389719233260e-16 2.290178036633023356e-16 6.327600284390048468e-16
3.381933625425668014e-16 1.995360410756181623e-16 5.513035698190781562e-16
2.946573778311330606e-16 1.738494890174456867e-16 4.803338555421925345e-16
2.567257336756481947e-16 1.514697271155743979e-16 4.185000798157141860e-16
2.236773138704231754e-16 1.319707639719843871e-16 3.646258726945844977e-16
1.948831832172318837e-16 1.149820226722518979e-16 3.176869066477770037e-16
1.697954569829885968e-16 1.001801814759871033e-16 2.767905942373428832e-16
1.479375600208545629e-16 8.728380045157496116e-17 2.411591474594658750e-16
1.288932815163727004e-16 7.604765694334045104e-17 2.101142517420728946e-16
1.123006207637102026e-16 6.625800086355497021e-17 1.830661471607483346e-16
9.784403152023524088e-17 5.772853128593687555e-17 1.594998376835615804e-16
8.524853248055558720e-17 5.029707448831147068e-17 1.389672428814151071e-16
7.427438023337377244e-17 4.382228515632814443e-17 1.210777085120572712e-16
6.471292674097942088e-17 3.818095970083079866e-17 1.054912368739491766e-16
5.638232461750887492e-17 3.326587235337540949e-17 9.191120761687420816e-17
4.912415223204597871e-17 2.898353185240878352e-17 8.007934848381370878e-17
4.280034983163318171e-17 2.525244601834342157e-17 6.977063326092875287e-17
3.729058579820116988e-17 2.200164440898349897e-17 6.078894735115036819e-17
3.249011259642112823e-17 1.916935152182233052e-17 5.296353420626800815e-17
2.830762272155700333e-17 1.670164676145003454e-17 4.614542521540577287e-17
2.466354305304241905e-17 1.455162402405117905e-17 4.020510705569500971e-17
2.148857736224135803e-17 1.267837674679317918e-17 3.502946443273031725e-17
1.872232988390887351e-17 1.104627826069337602e-17 3.052006285361788518e-17
1.631219193108659294e-17 9.624272896834078694e-18 2.659119151764619389e-17
1.421230130189212625e-17 8.385328392797054267e-18 2.316806006255064883e-17
1.238274156868611454e-17 7.305875891388829318e-18 2.018558426337435267e-17
1.078870000820865107e-17 6.365375257228793340e-18 1.758706419784924558e-17
9.399849697661704203e-18 5.545958975495494659e-18 1.532305100895690756e-17
8.189796958059931926e-18 4.832021456752507856e-18 1.335049325453640373e-17
7.135508945246795185e-18 4.209989080738144022e-18 1.163187829380845430e-17
6.216942659389827842e-18 3.668028615199525819e-18 1.013448865200474935e-17
5.416629700313135059e-18 3.195840007149142948e-18 8.829858562705501551e-18
4.719341672939615596e-18 2.784433457689769104e-18 7.693184188062695807e-18
4.111816804098513038e-18 2.425989214900634239e-18 6.702832687106539063e-18
3.582493176777867439e-18 2.113688208607004332e-18 5.839964194205523562e-18
3.121314342680565367e-18 1.841588800468910984e-18 5.088180267306091807e-18
2.719502467941347229e-18 1.604519250501519529e-18 4.433171508991688972e-18
2.369416678446907570e-18 1.397967598656082908e-18 3.862487196682166883e-18
2.064397756675888242e-18 1.218006391384199345e-18 3.365262106236488385e-18
1.798646959739139382e-18 1.061210894154746168e-18 2.932049835059297902e-18
1.567104734022403827e-18 9.246002582328119724e-19 2.554604426419207438e-18
1.365369031100827502e-18 8.055754821337551450e-19 2.225744918623491023e-18
1.189603800883695741e-18 7.018719004367703500e-19 1.939222168939463670e-18
1.036464545359303516e-18 6.115192723203328445e-19 1.689582265395833561e-18
9.030395887714641678e-19 5.327976307970034611e-19 1.472080603396573097e-18
7.867901587238876020e-19 4.642100891507909271e-19 1.282578384746773206e-18
6.855049946440664370e-19 4.044517182666045568e-19 1.117469722361162101e-18
5.972592472465897775e-19 3.523858427358257788e-19 9.736166031884433024e-19
5.203732229000921317e-19 3.070227926543231801e-19 8.482804907143951585e-19
4.533847247755211693e-19 2.674991724083503956e-19 7.390795700639595107e-19
3.950200498259100816e-19 2.330636435077678535e-19 6.439376178996282594e-19
3.441685529825415751e-19 2.030610013592511290e-19 5.610429018847571360e-19
2.998630533141880222e-19 1.769207756834741981e-19 4.888187640730317850e-19
2.612610932163583065e-19 1.541455336642600549e-19 4.258920846476141805e-19
2.276286015941999006e-19 1.343021816274518337e-19 3.710665019488112216e-19
1.983259351896620335e-19 1.170133442679663580e-19 3.232983725375224103e-19
1.727950572820011188e-19 1.019500492712518744e-19 2.816800207878356524e-19
1.505508781407430906e-19 8.882586596316629028e-20 2.454190852211075742e-19
1.311703336566582884e-19 7.739123136796294309e-20 2.138259944745015868e-19
1.142846046741246311e-19 6.742854528575210193e-20 1.862998535317862003e-19
9.957254478266694127e-20 5.874837689391058790e-20 1.623171604627919173e-19
8.675450877410547542e-20 5.118564873027151963e-20 1.414219448795459523e-19
7.558649129243416154e-20 4.459647014234188373e-20 1.232165914013517219e-19
6.585612017772854532e-20 3.885548772440295085e-20 1.073547504584453236e-19
5.737835900436963582e-20 3.385357502790880928e-20 9.353494056694532113e-20
4.999195278934934164e-20 2.949554165893050513e-20 8.149398258274060465e-20
4.355638745728448498e-20 2.569853384689348863e-20 7.100312229236904861e-20
3.794935983096512582e-20 2.239032515338995579e-20 6.186280237305223509e-20
3.306410545023510343e-20 1.950799169072905636e-20 5.389917918683478128e-20
2.880773128606985926e-20 1.699671012510927776e-20 4.696070096703475494e-20
2.509925764897015901e-20 1.480869300469720983e-20 4.091534839541898574e-20
2.186818839434859767e-20 1.290235754004715705e-20 3.564827584498758202e-20
1.905306335645763174e-20 1.124142087530615869e-20 3.105923613408250596e-20
1.660034682444146106e-20 9.794298282006613782e-21 2.706096170807941313e-20
1.446336933276332916e-20 8.533466617735527456e-21 2.357737780001756728e-20
1.260147705457952880e-20 7.434948146045232207e-21 2.054222110360036210e-20
1.097928055372214187e-20 6.477841208390992106e-21 1.789778284640515275e-20
9.565896266539676801e-21 5.643938541670620662e-21 1.559376980095386162e-20
8.334463441344034702e-21 4.917383562061745163e-21 1.358637532211098996e-20
7.261556872487339351e-21 4.284359364498532345e-21 1.183738108063717368e-20
6.326767655500692071e-21 3.732827401452781260e-21 1.031354475566543798e-20
5.512313426698120133e-21 3.252296857870560101e-21 8.985865750348843157e-21
4.802708783401262658e-21 2.833625126161170462e-21 7.829105362481718518e-21
4.184449436654694606e-21 2.468846755909346458e-21 6.821249601777643056e-21
3.645777951091512346e-21 2.151030474413905221e-21 5.943135181447949312e-21
3.176449888695702698e-21 1.874127321497161002e-21 5.178066220154207355e-21
2.767544785107477494e-21 1.632867251928356035e-21 4.511490720684662771e-21
2.411273894754340354e-21 1.422667248905420394e-21 3.930720265586506303e-21
2.100868311442064621e-21 1.239525806020289634e-21 3.424715144077066119e-21
1.830419429125221468e-21 1.079959313515507769e-21 2.983849486064218183e-21
1.594786752466352143e-21 9.409350114181707211e-22 2.599731528077740688e-21
1.389488743730234353e-21 8.198076282320189772e-22 2.265064672775799298e-21
1.210617903485157030e-21 7.142728318331423021e-22 1.973481487366939677e-21
1.054773723736863789e-21 6.223232552076791002e-22 1.719432430046240633e-21
9.189912991720740445e-22 5.422102777186802679e-22 1.498089318664064034e-21
8.006882147314562924e-22 4.724114104408437361e-22 1.305236783465496399e-21
6.976147148439671083e-22 4.115974543033083086e-22 1.137212086469611395e-21
6.078103854968236512e-22 3.586120780585393010e-22 9.908176778158478956e-22
5.295656830668778456e-22 3.124473320398304804e-22 8.632684872337667413e-22
4.613942673909484699e-22 2.722255485366946744e-22 7.521383067450446711e-22
4.019984181037362674e-22 2.371816460670378532e-22 6.553140493527459907e-22
3.502482591970240454e-22 2.066488920155417014e-22 5.709544505952124406e-22
3.051603777337015654e-22 1.800467226212870047e-22 4.974549800129989665e-22
2.658769221892208067e-22 1.568689542403860279e-22 4.334171954804276927e-22
2.316503048609219209e-22 1.366749985909419732e-22 3.776227675937008051e-22
2.018297091911103314e-22 1.190806993447739332e-22 3.290112401042605601e-22
1.374894690765900799e-22 8.111953876051187624e-23 2.241273991025977804e-22
7.498841714182554596e-23 4.424346897315580457e-23 1.222417217899797034e-22
4.089732927248725084e-23 2.412960321597521833e-23 6.666823806558711677e-23
2.230237416754265134e-23 1.315847284495968338e-23 3.635588228467885295e-23
1.215984672529225755e-23 7.174435130912715983e-24 1.982209135188830105e-23
6.627591229387174053e-24 3.910464365423340673e-24 1.080388397049962823e-23
3.609997501816425150e-24 2.130087146658433708e-24 5.885067224877939260e-24
1.964134083596636844e-24 1.158957661311004615e-24 3.201900034022965217e-24
1.066513714233709362e-24 6.292066006645652628e-25 1.738501129256928469e-24
5.768292440900912340e-25 3.403395915422786837e-25 9.400778493580538636e-25
3.097726859272584774e-25 1.826582897395481120e-25 5.048386853481400703e-25
1.640467313805237127e-25 9.670905298386491571e-26 2.673473766659231402e-25
8.455983699743522309e-26 4.985701993800276052e-26 1.377772811321630531e-25
4.126209687873202310e-26 2.433074291435038102e-26 6.701455973728510612e-26
1.767452410760201111e-26 1.043669371694813984e-26 2.856358102025980266e-26
4.749826266088975932e-27 2.843433532836587516e-27 7.560948279655584354e-27
-2.197198525205139094e-27 -1.357093246395849472e-27 -4.071279931780542855e-27
-6.074607993214846310e-27 -3.618915195326935633e-27 -1.021051096353534735e-26
-8.174871575424059242e-27 -4.911385210589832477e-27 -1.376480312032232480e-26
-9.305782261000110665e-27 -5.557619833035292021e-27 -1.570350737284469231e-26
-9.952017268631559087e-27 -5.880737336851016232e-27 -1.667286026947785382e-26
-1.027513438726129442e-26 -6.042296281351872776e-27 -1.731909450673732449e-26
-1.043669371694813984e-26 -6.203854840666740443e-27 -1.764221162536705982e-26
-1.059825227626300751e-26 -6.365413785167596987e-27 -1.764221162536705982e-26
-1.059825227626300751e-26 -6.365413785167596987e-27 -1.764221162536705982e-26
-1.059825227626300751e-26 -6.365413785167596987e-27 -1.764221162536705982e-26
-1.059825227626300751e-26 -6.365413785167596987e-27 -1.764221162536705982e-26
-1.059825227626300751e-26 -6.365413785167596987e-27 -1.764221162536705982e-26
-1.059825227626300751e-26 -6.365413785167596987e-27 -1.764221162536705982e-26
-1.059825227626300751e-26 -6.365413785167596987e-27 -1.764221162536705982e-26
-1.059825227626300751e-26 -6.365413785167596987e-27 -1.764221162536705982e-26
-1.059825227626300751e-26 -6.365413785167596987e-27 -1.764221162536705982e-26
-1.059825227626300751e-26 -6.365413785167596987e-27 -1.764221162536705982e-26
-1.059825227626300751e-26 -6.365413785167596987e-27 -1.764221162536705982e-26
-1.059825227626300751e-26 -6.365413785167596987e-27 -1.764221162536705982e-26
-1.059825227626300751e-26 -6.365413785167596987e-27 -1.764221162536705982e-26
-1.059825227626300751e-26 -6.365413785167596987e-27 -1.764221162536705982e-26
-1.059825227626300751e-26 -6.365413785167596987e-27 -1.764221162536705982e-26
-1.059825227626300751e-26 -6.365413785167596987e-27 -1.764221162536705982e-26
-1.059825227626300751e-26 -6.365413785167596987e-27 -1.764221162536705982e-26
-1.059825227626300751e-26 -6.365413785167596987e-27 -1.764221162536705982e-26
-1.059825227626300751e-26 -6.365413785167596987e-27 -1.764221162536705982e-26
-1.059825227626300751e-26 -6.365413785167596987e-27 -1.764221162536705982e-26
-1.059825227626300751e-26 -6.365413785167596987e-27 -1.764221162536705982e-26
-1.059825227626300751e-26 -6.365413785167596987e-27 -1.764221162536705982e-26
-1.059825227626300751e-26 -6.365413785167596987e-27 -1.764221162536705982e-26
-1.059825227626300751e-26 -6.365413785167596987e-27 -1.764221162536705982e-26
-1.059825227626300751e-26 -6.365413785167596987e-27 -1.764221162536705982e-26
-1.059825227626300751e-26 -6.365413785167596987e-27 -1.764221162536705982e-26
-1.059825227626300751e-26 -6.365413785167596987e-27 -1.764221162536705982e-26
-1.059825227626300751e-26 -6.365413785167596987e-27 -1.764221162536705982e-26
-1.059825227626300751e-26 -6.365413785167596987e-27 -1.764221162536705982e-26
-1.059825227626300751e-26 -6.365413785167596987e-27 -1.764221162536705982e-26
-1.059825227626300751e-26 -6.365413785167596987e-27 -1.764221162536705982e-26
-1.059825227626300751e-26 -6.365413785167596987e-27 -1.764221162536705982e-26
-1.059825227626300751e-26 -6.365413785167596987e-27 -1.764221162536705982e-26
-1.059825227626300751e-26 -6.365413785167596987e-27 -1.764221162536705982e-26
-1.059825227626300751e-26 -6.365413785167596987e-27 -1.764221162536705982e-26
-1.059825227626300751e-26 -6.365413785167596987e-27 -1.764221162536705982e-26
-1.059825227626300751e-26 -6.365413785167596987e-27 -1.764221162536705982e-26
-1.059825227626300751e-26 -6.365413785167596987e-27 -1.764221162536705982e-26
-1.059825227626300751e-26 -6.365413785167596987e-27 -1.764221162536705982e-26
-1.059825227626300751e-26 -6.365413785167596987e-27 -1.764221162536705982e-26
-1.059825227626300751e-26 -6.365413785167596987e-27 -1.764221162536705982e-26
-1.059825227626300751e-26 -6.365413785167596987e-27 -1.764221162536705982e-26
-1.059825227626300751e-26 -6.365413785167596987e-27 -1.764221162536705982e-26
-1.059825227626300751e-26 -6.365413785167596987e-27 -1.764221162536705982e-26
-1.059825227626300751e-26 -6.365413785167596987e-27 -1.764221162536705982e-26
-1.059825227626300751e-26 -6.365413785167596987e-27 -1.764221162536705982e-26
-1.059825227626300751e-26 -6.365413785167596987e-27 -1.764221162536705982e-26
