-2.000000094994902611e-03 -9.197339531965553761e-04 -2.000000094994902611e-03
-1.822377671487629414e-03 -7.880289340391755104e-04 -2.000000094994902611e-03
-1.368902740068733692e-03 -7.781846215948462486e-04 -2.000000094994902611e-03
-1.077529741451144218e-03 -7.950557628646492958e-04 -2.000000094994902611e-03
-8.843865361995995045e-04 -8.120524580590426922e-04 -2.000000094994902611e-03
-7.536157499998807907e-04 -8.007788565009832382e-04 -1.499049481935799122e-03
-6.516506546176970005e-04 -6.982794147916138172e-04 -8.648657239973545074e-04
-5.388070712797343731e-04 -5.145759205333888531e-04 -3.637289046309888363e-04
-3.899819566868245602e-04 -2.967423642985522747e-04 2.449376734148245305e-05
-2.026794682024046779e-04 -8.871599129633978009e-05 2.973079099319875240e-04
4.848415301239583641e-06 9.070562373381108046e-05 4.780313465744256973e-04
2.184225158998742700e-04 2.292777062393724918e-04 5.907620070502161980e-04
4.184094432275742292e-04 3.295297792647033930e-04 6.443898892030119896e-04
5.961538408882915974e-04 3.901701129507273436e-04 6.628066767007112503e-04
7.268933113664388657e-04 4.237595421727746725e-04 6.480571464635431767e-04
8.055209182202816010e-04 4.286871117074042559e-04 6.080074817873537540e-04
8.192508248612284660e-04 4.085569235030561686e-04 5.599811556749045849e-04
7.702595321461558342e-04 3.730531025212258101e-04 4.991848254576325417e-04
6.773681379854679108e-04 3.325053257867693901e-04 4.462352080736309290e-04
5.622173193842172623e-04 2.887210575863718987e-04 4.014514852315187454e-04
4.523254756350070238e-04 2.563824236858636141e-04 3.675964835565537214e-04
3.650556609500199556e-04 2.247487427666783333e-04 3.374774241819977760e-04
2.966605825349688530e-04 2.015463251154869795e-04 3.188312111888080835e-04
2.519239787943661213e-04 1.857502938946709037e-04 2.951405767817050219e-04
2.166031044907867908e-04 1.687688200036063790e-04 2.831855381373316050e-04
1.935015752678737044e-04 1.549413427710533142e-04 2.668691158760339022e-04
1.740440784487873316e-04 1.428299874532967806e-04 2.537310356274247169e-04
1.583022385602816939e-04 1.322459575021639466e-04 2.390386507613584399e-04
1.475682074669748545e-04 1.214268704643473029e-04 2.288268005941063166e-04
1.355820131720975041e-04 1.108945943997241557e-04 2.152974775526672602e-04
1.260619465028867126e-04 1.020851341309025884e-04 2.045771398115903139e-04
1.181871339213103056e-04 9.484339534537866712e-05 1.948448480106890202e-04
1.069832142093218863e-04 8.587547927163541317e-05 1.831662520999088883e-04
1.002874414552934468e-04 7.849446410546079278e-05 1.743815082591027021e-04
9.337416122434660792e-05 7.240588456625118852e-05 1.622483978280797601e-04
8.699946192791685462e-05 6.522765761474147439e-05 1.544649276183918118e-04
7.957116758916527033e-05 5.979417619528248906e-05 1.450843847123906016e-04
7.439172622980549932e-05 5.477805098053067923e-05 1.355941785732284188e-04
6.885354378027841449e-05 5.009155211155302823e-05 1.281388395000249147e-04
6.460506847361102700e-05 4.370195529190823436e-05 1.191703922813758254e-04
5.933349166298285127e-05 4.187457307125441730e-05 1.124092596000991762e-04
5.568532287725247443e-05 3.672384991659782827e-05 1.048645281116478145e-04
4.957111377734690905e-05 3.425875183893367648e-05 9.926003258442506194e-05
4.812918268726207316e-05 3.087482400587759912e-05 9.366317681269720197e-05
4.325935151427984238e-05 2.650301212270278484e-05 8.638019062345847487e-05
3.932468825951218605e-05 2.478893293300643563e-05 8.204235928133130074e-05
3.668816498247906566e-05 2.255982872156891972e-05 7.384707714663818479e-05
3.473941251286305487e-05 2.020392457779962569e-05 7.196277147158980370e-05
3.164739973726682365e-05 1.927545417856890708e-05 6.544012285303324461e-05
2.804707037284970284e-05 1.559993143018800765e-05 5.976500688120722771e-05
2.801640403049532324e-05 1.487292411184171215e-05 5.764132947660982609e-05
2.433347435726318508e-05 1.455939400329953060e-05 5.457803854369558394e-05
2.191767816839274019e-05 1.154314031737158075e-05 4.995378913008607924e-05
1.897428955999203026e-05 1.019670162349939346e-05 4.634213837562128901e-05
2.091794885927811265e-05 9.532755939289927483e-06 4.253006045473739505e-05
1.698192681942600757e-05 1.106185300159268081e-05 4.017310857307165861e-05
1.590623105585109442e-05 6.538059096783399582e-06 3.949947495129890740e-05
1.440272353647742420e-05 6.514157576020807028e-06 3.380654379725456238e-05
1.437294122297316790e-05 5.512401912710629404e-06 3.244152685510925949e-05
1.227874145115492865e-05 7.299756362044718117e-06 3.149169788230210543e-05
1.058729048963868991e-05 4.801904651685617864e-06 2.718581890803761780e-05
1.075780983228469267e-05 3.076131406487547792e-06 2.759024573606438935e-05
9.374404726258944720e-06 4.127915417484473437e-06 2.417501855234149843e-05
7.722422196820843965e-06 3.631736035458743572e-06 2.270319237140938640e-05
1.038549908116692677e-05 3.609831310313893482e-06 2.184345430578105152e-05
6.718312761222478002e-06 1.767650587680691388e-06 1.926000186358578503e-05
6.927186859684297815e-06 2.766236775642028078e-06 1.764664375514257699e-05
6.323600700852693990e-06 2.233441136922920123e-06 1.817869451770093292e-05
4.084969077666755766e-06 2.227102868346264586e-06 1.480601440562168136e-05
6.271764505072496831e-06 1.511887035121617373e-06 1.530793633719440550e-05
4.970396275894017890e-06 1.249100023414939642e-06 1.413461814081529155e-05
2.813502760545816272e-06 1.876687292678980157e-06 1.335342949460027739e-05
3.338659325891057961e-06 1.682763581811741460e-06 1.116550174629082903e-05
4.528169938566861674e-06 7.816108222868933808e-07 1.280369542655535042e-05
2.883160732380929403e-06 1.212125198435387574e-06 7.765542250126600266e-06
3.928238584194332361e-06 -4.430759759088687133e-07 1.093828905140981078e-05
2.225463049398967996e-06 1.597270625097735319e-06 8.325439011969137937e-06
1.299773202845244668e-06 5.905977786824223585e-07 9.600084922567475587e-06
3.297412831670953892e-06 1.814019441326308879e-07 8.465182872896548361e-06
1.339777782050077803e-06 8.675607432451215573e-07 6.263734121603192762e-06
2.446318148940918036e-06 -2.909351053403952392e-07 7.189096322690602392e-06
9.128395959123736247e-07 2.020920646828017198e-06 5.495906862051924691e-06
1.080080323845322710e-06 -4.808255766874935944e-07 6.431322162825381383e-06
4.226410510455025360e-07 -6.290424607868772000e-07 5.895714821235742420e-06
2.071802327918703668e-06 3.627093576596962521e-07 4.511317456490360200e-06
1.275404770240129437e-06 -4.657555336962104775e-07 4.261275989847490564e-06
1.405442162649706006e-06 7.411357216824399075e-08 3.818155164481140673e-06
1.646423811507702339e-06 -3.726765385181352030e-08 5.872985639143735170e-06
-7.906122334588872036e-08 2.647595032101435208e-09 3.710856844918453135e-06
1.432244516763603315e-06 1.109293705781055905e-07 2.275606902912841178e-06
1.042251255967130419e-06 4.030815432543022325e-07 4.349043592810630798e-06
-1.030699195325723849e-06 -2.734709596552420408e-07 2.110521791109931655e-06
1.383805738441878930e-06 1.248172480927678407e-07 1.687458052401780151e-06
-5.819754846925206948e-07 -3.049422048206906766e-07 3.306558483018307015e-06
5.873883424101222772e-07 -1.242821440428087953e-06 3.861547611450077966e-06
4.506353548094921280e-07 4.773589239448483568e-07 2.363980911468388513e-06
6.851796570117585361e-07 -4.884549866801535245e-07 2.699604465306038037e-06
6.419265901058679447e-07 4.919818934467912186e-07 2.059897724393522367e-06
5.446120212582172826e-07 -4.420627135459653800e-07 6.582447440450778231e-07
-3.802335868385853246e-07 6.611001595047127921e-07 1.585603627063392196e-06
-1.149987838289234787e-06 1.486193923483369872e-07 2.271593757541268133e-06
6.608410672015452292e-07 6.070486620046722237e-07 3.003846586580039002e-06
1.350188654214434791e-06 -9.176978323921503033e-07 7.426051524817012250e-07
2.466682360591221368e-07 -5.948031756020100147e-08 1.650811100262217224e-06
-8.697268185642315075e-07 -4.825739665648143273e-07 6.657151629951840732e-07
1.140579001912556123e-06 -3.348438610828452511e-07 1.574633756717958022e-08
-6.071087454984080978e-07 -1.696800154604716226e-06 2.367129809499601834e-06
4.441781982222892111e-07 1.135374304794822820e-06 3.618080057776751346e-08
-4.354678395657174406e-08 3.784847137922042748e-07 6.632912459281214979e-07
1.290881499471652205e-07 -9.596829642077864264e-08 2.096028083542478271e-06
-8.231954780058003962e-07 2.446126643462775974e-07 -1.050325479923230887e-07
1.971361740515931160e-08 -5.475529860632377677e-07 6.003189128023223020e-07
9.004648582333629747e-09 7.569344688818091527e-07 6.487278483291447628e-07
2.885405194774648407e-07 5.743754059039929416e-07 1.017402496472641360e-06
-5.368348183765192516e-07 4.133037521114601986e-07 -1.244338676542611211e-07
5.546653483179397881e-07 -1.335387423750944436e-06 1.271964038096484728e-06
5.244855287855898496e-07 3.474604852726770332e-07 4.176505399300367571e-07
-7.726606554570025764e-07 -9.985317319660680369e-07 5.103228772895818111e-08
7.726190887069606106e-08 4.582456654134148266e-07 9.857325267148553394e-07
4.533175683718582150e-07 -3.621527184805017896e-07 6.638276772719109431e-07
9.479560247882545809e-08 -1.027731642011531221e-07 6.921994781805551611e-07
-8.314009960486146156e-07 -7.569440754195966292e-07 3.367670444731629686e-07
1.152658910541504156e-06 6.232313012333179358e-07 6.984083142924646381e-07
-6.232615987755707465e-07 -8.254696126641647425e-07 -1.978796859702924849e-08
8.075778055172122549e-07 7.487984703402617015e-07 4.248895635328153730e-08
-7.863399105190183036e-07 -1.791863297739837435e-07 8.528509454208688112e-08
9.451682991823417979e-09 1.016310449131196947e-07 -1.362882073863147525e-08
1.631422748005206813e-07 8.218999880682531511e-08 6.475357281487958971e-07
-7.231192853396350984e-07 -4.518378489137830911e-07 -2.901049924730614293e-07
5.203131649977876805e-07 7.798524848112720065e-07 3.147729330521542579e-07
-3.110723127974779345e-07 -4.222838754230906488e-07 2.691753877570590703e-07
1.081265565971989417e-08 -1.968988243561398122e-07 5.659171620209235698e-07
-5.268014433568168897e-07 2.367845866046991432e-07 1.632777753002301324e-07
-5.408085144154028967e-07 -9.077339768737147097e-07 -8.082312774604361039e-08
2.135280681159201777e-07 5.507719720299064647e-07 1.094819026548066176e-06
5.544467853724199813e-07 -6.573646373908559326e-07 -4.214934961055405438e-07
-4.053171949180978118e-07 3.185224386470508762e-07 2.622314241307321936e-07
8.383238991882535629e-07 -3.157703645229048561e-07 1.940208882444949268e-08
-1.017010546888741374e-07 1.471193371571644093e-07 -4.572592615659232251e-08
-1.814520800280661206e-07 -6.266916585673243389e-08 -9.800913147728351760e-08
-3.134962298645405099e-07 1.980614428020999185e-07 1.616357003797475045e-08
5.773548537035821937e-07 4.703751983470283449e-07 9.360322223983530421e-07
-3.748294261640694458e-07 -8.212774105231801514e-07 -4.447293804332730360e-07
4.576091043873020681e-07 -7.188802442215092015e-08 -1.145325079221493070e-08
-3.508683334985107649e-07 1.511128431275210460e-07 6.783086803352489369e-08
5.709672450393554755e-07 9.246186749578555464e-08 2.936530165698059136e-07
-3.826972374554316048e-07 -3.971704529703856679e-07 -7.883104444772470742e-07
1.615031379742504214e-07 1.839947429971289239e-07 3.837951112473092508e-07
3.544924709331098711e-08 -6.010616715457217651e-08 4.403003117658954579e-07
4.884445843345019966e-07 7.016973313511698507e-08 2.762782571608113358e-07
-5.700744054593087640e-07 -4.232772710111021297e-07 -6.981683213780343067e-07
-3.648953281754074851e-07 5.197477435103792232e-07 7.269291586453618947e-07
6.012557207668578485e-08 -1.439500465494347736e-07 3.095972544997493969e-07
-9.881023288471624255e-08 7.902738019538446679e-09 -4.212054136587539688e-07
-8.723699096435666434e-08 4.918935814224312253e-10 7.806825692568963859e-07
3.272537298926181393e-07 -8.806074447420542128e-08 -7.081123953867063392e-07
-1.332716550450641080e-07 -1.977368668804047047e-08 4.539497808764281217e-07
-1.590804714624027838e-07 -1.428672220527005265e-07 -7.414740821332088672e-08
1.612349223023556988e-07 -6.481850167716629585e-09 -2.679618660295091104e-07
-4.303014975448604673e-07 -1.127271360701342928e-07 5.740034794143866748e-07
2.114121002705360297e-07 1.350791904997095116e-07 -8.183412774087628350e-07
9.209352924699487630e-08 3.403079347208404215e-07 9.815502153287525289e-07
-2.087510040382767329e-07 -1.972862548882403644e-07 -2.457889252127642976e-07
6.220284944902232382e-07 -4.651630547414242756e-08 -7.570378670607169624e-07
-5.202349484534352086e-07 1.916936724910556222e-07 1.495719857302901801e-06
1.236224647982453462e-06 2.932103484454273712e-07 -9.207818152390245814e-07
-6.791409532524994574e-07 -3.014155822711472865e-07 7.030078563730057795e-07
-7.881287444888585014e-08 2.097602447292956640e-08 -7.678660836063500028e-07
-5.848364708072040230e-07 -1.750736089434212772e-07 8.055774856075004209e-07
4.300419504943420179e-07 1.025350542249725549e-07 -6.788961854908848181e-07
-4.476464425806625513e-07 -1.275488301644145395e-07 3.370650745182501851e-07
1.409792815820765099e-07 1.982799773259102949e-07 -5.555339521734481423e-10
-4.569447753510758048e-07 1.501492334909926285e-07 1.800763556047968450e-07
7.280254976649302989e-07 -1.853355229286535177e-07 -6.135297212495061103e-07
-3.576434153274021810e-07 -2.611427305510005681e-07 2.956795697173220105e-07
-9.399218470207415521e-08 6.911670880072051659e-08 5.763847354955942137e-08
2.691584555236659071e-08 1.097472193123394391e-07 -2.396198510723479558e-07
-2.403414782747859135e-07 -9.137874457110228832e-08 1.827088880190785858e-07
4.723910365100891795e-07 3.134560415674059186e-07 -3.688526533096592175e-07
-7.277286613316391595e-07 -3.051508201679098420e-07 9.293365792473196052e-07
9.056969929588376544e-07 -3.206182270787394373e-07 -5.766841582044435199e-07
-7.575508789159357548e-07 1.565468039643747034e-07 3.791260780872107716e-07
7.340157708313199691e-07 8.489207914408325450e-08 -5.665116304953699000e-07
-3.785745832374232123e-07 1.300525411807029741e-07 2.115674817559920484e-07
1.717054800565165351e-07 3.120056533134629717e-07 2.383597745847509941e-07
-4.266854602974490263e-07 6.153698706157229026e-08 -5.835217464777997520e-08
7.824743306628079154e-07 -2.042898046283880831e-07 -5.510243568096484523e-07
-4.026846625038160710e-07 -2.700039374303742079e-07 7.603971425851341337e-07
1.443668082856675028e-07 3.480664645394426771e-07 -9.711506265830394113e-08
-3.659483240880945232e-07 1.238735194419859909e-07 1.118658143894890600e-08
7.376615371867956128e-07 -2.730934625105874147e-07 -5.689057616109494120e-07
-2.073006299951885012e-07 -1.633314923310535960e-07 6.230482085811672732e-07
-1.068475441456939734e-08 4.388642196317960043e-07 -3.833663697605516063e-07
-6.448782414736342616e-07 -3.175088352236343781e-07 9.731261343404185027e-07
8.126739885483402759e-07 -1.745868303260067478e-07 -5.844923975928395521e-07
-5.618980281063556959e-10 6.709015565320441965e-08 -9.031884928845101967e-07
-5.418714295046811458e-07 -1.210320590416813502e-07 5.816825705551309511e-07
-9.969498115935948590e-09 1.167408214541865163e-07 -1.412026335856353398e-07
-8.195204515004661516e-08 -5.591397211901494302e-08 1.565692997473888681e-08
-1.916848191285680514e-08 1.440794932250355487e-07 1.006630938604757830e-07
-4.217184255139727611e-07 1.270623641858037445e-07 2.019313996015625889e-07
4.595363236603589030e-07 -3.324000772408908233e-07 -6.574484814336756244e-07
-5.876875661670055706e-07 -2.208833471684101823e-08 9.900637678583734669e-07
9.009683594740636181e-07 1.017665113067778293e-06 -8.301529419441067148e-07
-4.537459687981026946e-07 -5.651661467709345743e-07 9.334194714938348625e-07
9.120150821217976045e-07 -3.264992187723692041e-07 -5.782636662843287922e-07
-7.253743206092622131e-07 -1.311052386654409929e-07 1.120667548093479127e-06
3.926797944586724043e-07 3.591330823837779462e-07 -1.092085540221887641e-06
-3.729518596173875267e-07 -3.293001649140592235e-09 -6.685577602638659300e-08
4.713113455068196345e-09 -1.607585460305926972e-07 -1.730116565568096121e-07
5.534136562346247956e-07 2.194956749690391007e-08 1.519429559948548558e-07
-4.439112046838999959e-07 7.041808203211985528e-08 4.077035598015754658e-08
-4.717863362202479038e-07 1.833688969554714276e-07 2.426115770504111424e-07
7.277473059730255045e-07 -2.442050686113361735e-07 -6.391100555447337683e-07
-6.159699523777817376e-07 -1.572120709170121700e-07 6.944148367438174319e-07
3.276908273619483225e-07 1.924983337175945053e-07 -3.614616730374109466e-07
-3.544446371961385012e-07 3.269465764788037632e-07 2.256540483358548954e-07
6.050511274224845693e-07 -1.340358011248099501e-07 -4.169039584667189047e-07
-2.156055387558808434e-07 -2.403605492418137146e-07 4.453766280221316265e-07
-6.204471159065860775e-09 2.105549867792433361e-08 -1.084200818013414391e-07
-3.941214572478202172e-07 1.589011873193157953e-07 9.181180615769335418e-08
3.682418707739998354e-07 -9.092176611602553749e-08 -4.420074333211232442e-07
-5.374110401135112625e-07 -2.692688383376662387e-07 9.295551421928394120e-07
5.866134529242117424e-07 2.596727597392600728e-07 -5.822074626848916523e-07
2.162996821652996005e-07 -3.175422236267877452e-08 -6.634784313064301386e-07
-3.463582629592565354e-07 -1.086342891198910365e-07 7.243065169859619346e-07
9.423929725471680285e-08 1.578481629849193268e-07 -1.176588000362244202e-07
-3.775116113047261024e-07 2.510698493551899446e-07 -5.471629194175875455e-08
6.553177058776782360e-07 -1.207439623840400600e-07 -1.117579415677028010e-07
-2.731438826231169514e-07 -2.769280342818092322e-07 2.110310362013478880e-07
2.445721634103392716e-07 2.604241977621768456e-08 -1.618258522739779437e-07
-3.157612127324682660e-07 -1.919615897350013256e-07 1.046864070985975559e-07
-2.272489396659693739e-08 2.167574280065309722e-07 1.013982142694658251e-07
1.144843864153699542e-08 1.405826850486846524e-07 4.223067051611906209e-08
1.929247304133241414e-07 7.521625633444273262e-08 -2.887340713186858920e-07
2.191898929027047416e-08 -3.114291473593766568e-07 1.222995820171490777e-07
5.222795351755848969e-08 6.077440843910153490e-07 -5.009663368582550902e-07
-5.452490654533903580e-07 -4.040945498218206922e-07 1.074245460586098488e-06
6.624305797231500037e-07 -1.510231300017039757e-07 -5.872142878615704831e-07
-3.665245174033771036e-07 1.932339399601801233e-09 -8.817436736308081890e-08
-3.065622422582237050e-07 2.262941620756464545e-07 8.390425421112013282e-08
9.540959808873594739e-07 -2.703913537516200449e-07 -2.622398085350141628e-07
-7.474776566596119665e-07 -7.855380346200036001e-08 9.825238294070004486e-07
3.665133476715709548e-07 1.506558646724442951e-07 -7.570974958071019500e-07
-3.758923696750571253e-07 2.856008052276592935e-07 1.404492024903447600e-07
-4.494345944294764195e-07 2.791996678297437029e-08 1.052427123227062111e-07
7.972065532158012502e-07 -2.314297944394638762e-07 -5.465042818286747206e-07
-3.759519699997326825e-07 -2.504337714981375029e-07 6.682682283098984044e-07
3.772223067244340200e-07 2.533348322231177008e-07 -3.866148290398996323e-07
-6.110823846938728821e-07 -1.721529798714982462e-07 5.789407850897987373e-07
5.665863227477530017e-07 3.783655131428531604e-07 -6.352655645969207399e-07
-1.812235979059551028e-07 -1.143960659533149737e-07 7.263628845066705253e-07
2.811992203533009160e-07 -1.887961786906089401e-08 -5.469513553180149756e-07
-3.677960762615839485e-07 2.340988203286542557e-08 -5.417984993982827291e-08
-8.268717266446401482e-08 -1.501489208521888941e-07 -2.349806180745872553e-07
4.786296585734817199e-07 1.292776801165018696e-07 1.166768797133954649e-07
-2.707000987811625237e-07 -2.825507010584260570e-07 2.111303700758071500e-07
2.322638010809896514e-07 2.077571252812049352e-07 -1.490406447146597202e-07
-3.735081861577782547e-07 -4.981800305614569879e-09 -2.165557866362632922e-08
-2.959824314530123957e-07 2.774945642158854753e-07 1.631685080383249442e-07
7.169290938691119663e-07 -4.933723403155454434e-07 -4.998338454242912121e-07
-7.228808840409328695e-07 -7.684514002903597429e-08 9.865074162007658742e-07
4.359924901109479833e-07 2.997867056819814024e-07 -5.008074595025391318e-07
-3.668125998501636786e-07 2.051941265790446778e-07 9.250719301689969143e-08
8.016173183023056481e-07 -2.844183200068073347e-07 -5.513124392564350273e-07
-5.601700650004204363e-07 -1.432447191973551526e-07 6.616422183469694573e-07
3.876133973790274467e-07 2.454272589602624066e-07 -3.573986475657875417e-07
-3.152247529669693904e-07 -2.806533245802711463e-07 3.541616706570493989e-07
1.553439972212800058e-07 5.080056553197209723e-07 -2.493552813120913925e-07
-5.597627819042827468e-07 -2.246447934339812491e-07 6.857721359665447380e-07
7.344925734287244268e-07 -2.085614738689400838e-07 -6.993405463617818896e-07
-4.354572809006640455e-07 3.641005719146050978e-09 1.865703147529984562e-08
2.332174773300721426e-07 2.157838849825566285e-07 -1.429212375114730094e-07
-2.881742204863257939e-07 3.056080970509356121e-07 1.281905070982247707e-07
6.226140669696178520e-08 -8.057043032749788836e-08 3.049282497613603482e-07
3.513836759339028504e-07 -1.053063556355482433e-07 -6.023042260494548827e-07
2.563434620128646202e-08 -2.350954844132502330e-07 4.833945013160700910e-07
-1.017904622813148308e-07 1.173170076640417392e-07 -4.239571467223868240e-07
-2.295132901508623036e-07 -3.398804437892977148e-07 3.519165545640134951e-07
-9.316764959521606215e-08 1.398277049702301156e-07 -1.684121571088326164e-07
1.086735537114691397e-07 -8.064990453249265556e-08 -3.418616927319817478e-07
-1.041746457985937013e-07 -6.698056864706813940e-08 9.550729629381748964e-08
-1.085953229562619526e-07 -1.099555220207548700e-07 1.373894917833240470e-07
4.251239715813426301e-08 3.729414856934454292e-07 8.584139976619553636e-08
2.667947569534590002e-07 2.946209747278771829e-07 -3.406398150218592491e-07
-5.939162406320974696e-07 -4.452018629308440723e-07 8.582878194829390850e-07
6.421152534130669665e-07 1.489472083449072670e-07 -3.663890026928129373e-07
-3.849025915769743733e-07 1.748354918618133524e-07 1.404392548920441186e-07
5.606357262877281755e-07 -4.415198873175540939e-08 -2.175462583409171202e-07
-2.745744041021680459e-07 -2.837427928170654923e-07 2.176272744236484868e-07
8.820836114864505362e-07 7.448112882002533297e-08 -8.357954470739059616e-07
-1.343285703114815988e-06 -5.317081104294629768e-07 1.194050810227054171e-06
8.031670404307078570e-07 1.583154244144679978e-06 -6.853533136563783046e-07
-9.569091474759261473e-08 -6.386984523487626575e-07 4.007625591384567088e-07
4.065279028964141617e-07 -3.850941610039626539e-08 -7.977378686518932227e-07
-5.212482392380479723e-07 -2.356915302925699507e-07 8.445191497230553068e-07
-1.683390564721776173e-07 -6.672227925719198538e-08 -2.362521911436488153e-07
1.864278260654828046e-07 2.732427901719347574e-07 -1.106353835211848491e-07
-7.704552444920409471e-07 -2.804744951845350442e-07 6.635495424234250095e-07
8.071705224210745655e-07 -1.645335032662842423e-07 -6.453387868532445282e-07
-1.203473658506482025e-07 1.283637374172030832e-07 -3.906381493834487628e-07
-8.054531690504518338e-07 -2.823818476827000268e-07 9.399959139955171850e-07
4.460656839455623413e-07 4.396192139211052563e-07 -6.697965204693900887e-07
7.343832635342550930e-07 6.293770127285824856e-08 -1.390568655779134133e-07
-2.465701527398778126e-07 -2.334861619601724669e-07 4.322040183524222812e-07
-3.097020240261372237e-08 3.152640601911116391e-07 -3.007245368280564435e-07
-3.051118540042807581e-07 -2.311615787675691536e-07 6.578771376553049777e-07
6.603841029573231936e-07 -2.640335310388763901e-07 -4.853797577197838109e-07
-9.168144856630533468e-07 1.391287440810629050e-08 3.543405000527855009e-07
4.678412324210512452e-07 2.052537269037202350e-07 -6.142449819890316576e-07
2.223793558187026065e-07 3.060054609704820905e-07 -2.829127083714411128e-07
-1.291390532287550741e-07 -2.254991358086044784e-07 6.844310291853616945e-07
-1.293377493993830285e-07 1.735440520178599400e-07 -4.025193618417688413e-07
-2.160923173732953728e-07 5.458311136408156017e-08 4.209585995340603404e-07
5.913022960157832131e-07 -5.032071044297481421e-07 -5.274209229355619755e-07
-7.352587090281303972e-07 -1.403240901254321216e-07 1.014471877169853542e-06
4.248663003636465874e-07 3.159197206059616292e-07 -5.664222157975018490e-07
-3.421164080918970285e-07 2.353143457867190591e-07 1.533237963258216041e-07
4.629834791103348834e-07 1.588614537695320905e-07 -6.632101872128259856e-07
-2.040024895677561290e-07 -5.836770000655633339e-08 6.796229286010202486e-07
-3.243144703901634784e-07 8.325294942324035219e-08 -2.074333451673737727e-07
5.200350869927206077e-07 -1.941172911301691784e-07 -4.201424417260568589e-07
-1.271820480042151758e-07 -1.642454208194976673e-07 5.703079750674078241e-07
1.106603804146288894e-07 1.132440203832629777e-07 -7.364076992644186248e-08
-1.173373362917118357e-07 6.754712700285381288e-08 -4.267784561307053082e-07
-4.512028510816890048e-07 -2.754279648797819391e-07 9.518075216874422040e-07
5.525394612959644292e-07 -1.299862528725270749e-08 -6.169073571982153226e-07
-3.625514821692377154e-08 3.230126708331226837e-07 -3.235431904613506049e-07
2.563434620128646202e-08 -2.350954844132502330e-07 4.833945013160700910e-07
-1.376432834376828396e-08 2.987535765441862168e-07 -3.596735496103065088e-07
-1.545604391139931977e-07 -1.593181053749503917e-07 6.259091946958506014e-07
5.008820949115033727e-07 -2.031970609550626250e-07 -5.009961796531570144e-07
-3.654714930689806351e-07 1.158169524728691613e-07 -1.281690913401689613e-07
-2.502755762634478742e-07 1.792362951391623938e-07 -6.243509886871834169e-08
-3.776706023472797824e-07 1.084657199612593104e-07 1.787749823733975063e-07
1.045469957716704812e-06 -3.138431452498480212e-07 -4.338515111612650799e-07
-6.074862426430627238e-07 -1.838354819483356550e-07 8.510657494298357051e-07
4.533076491952670040e-07 2.922367912105983123e-07 -4.107547226794849848e-07
-4.579580377139791381e-07 3.286715255512717704e-08 -1.645010705431104725e-08
-1.318014000162293087e-07 -1.140682428513173363e-07 1.813479286738584051e-07
2.947095936178811826e-07 2.419110467499763217e-09 -3.179701479893992655e-07
-4.875715831076377071e-07 -1.860607312664797064e-07 5.552975608225096948e-07
5.136474214850750286e-07 1.109790446207625791e-07 -6.069831783861445729e-07
-2.801077130243356805e-07 -1.624175354209000943e-07 1.973984886660673510e-08
2.887286321140436485e-08 2.329897625941157457e-07 1.855301690056876396e-07
1.618607683440131950e-07 1.794647914721281268e-07 -4.301391243188845692e-08
-4.369176167529076338e-07 1.909188114268545178e-07 1.546152361697750166e-07
8.734111247576947790e-07 -2.737093609539442696e-07 -4.942211262459750287e-07
-3.407653537124133436e-07 -1.073428492759376240e-07 6.328928634502517525e-07
-3.237184387216984760e-07 -4.397317709958770138e-08 2.406118504438836680e-08
2.971335391066531884e-07 1.586627718097588513e-07 -3.306858218365960056e-07
-5.464610239869216457e-07 -2.368438885014256812e-07 5.623507490781776141e-07
7.721031352048157714e-07 -2.031970609550626250e-07 -6.737403737133718096e-07
-3.279106408626830671e-07 1.334102677219561883e-07 1.342403805892899982e-07
-8.386932393023016630e-08 1.140586149972477870e-07 -6.068963998018261918e-09
4.973449208023339452e-08 1.226019605837791460e-07 -2.616834819946234347e-07
2.875769098409364233e-07 2.267610739181691315e-07 6.669370691270160023e-07
-1.713292192562221317e-07 1.732027321565965394e-08 -1.053405043194288737e-07
-1.818494439476125990e-07 -4.236385109379625646e-08 -1.822205746293548145e-07
-3.754254578325344482e-07 2.481591536707128398e-07 1.456844671565704630e-07
8.655632086629339028e-07 -2.811202080010843929e-07 -6.097349114497774281e-07
-1.821077262320613954e-07 -1.622784679966571275e-07 7.350751047852099873e-07
6.705958099928466254e-08 2.719477620871657564e-08 -2.506169209937070264e-07
-3.512955402129591675e-07 -3.967170769669792207e-08 6.859579571028007194e-08
-5.418621285002700461e-08 1.771763713520613237e-08 -2.680144817190921458e-08
1.717352802188543137e-07 2.194197747940052068e-07 -5.720974982637017092e-08
-3.665245174033771036e-07 1.443179087345924927e-07 4.183330659657258366e-08
6.994251293690467719e-07 -9.531265021678336780e-08 -4.295997371173143620e-07
1.175447152945707785e-07 -2.869714137432310963e-07 4.958816930411558133e-07
-3.674185791169293225e-07 1.751831746332754847e-07 -6.641867145162905217e-08
-5.636966875499638263e-07 -2.175121096570364898e-07 3.026632668934325920e-07
6.456220376094279345e-07 -1.843222463548954693e-07 -7.986915875335398596e-07
-3.467158933290193090e-07 -1.692522175744670676e-07 3.788082096889411332e-07
-2.520835948871535948e-07 2.363474891353689600e-07 -1.352947887056643594e-08
5.043490887146617752e-07 -2.569441548416762089e-08 -4.075162109984376002e-07
-6.468153515015728772e-07 -2.256382032328474452e-07 6.889013661748322193e-07
4.011436374184995657e-07 2.533745657729014056e-07 -4.285665795578097459e-07
3.363037137660285225e-07 -3.058958952806278830e-07 -3.103506855950399768e-07
-1.535968436883194954e-07 5.768787900706229266e-07 1.340241169600631110e-06
4.979515324521344155e-07 -1.078296207879247959e-07 -7.921152018752763979e-07
-2.222415105279651470e-07 9.740548811976168508e-09 -1.793297457197695621e-07
-2.258774003394137253e-07 -2.078958942774988827e-07 1.912025595629529562e-07
1.616714051522194495e-08 2.816668711602687836e-07 -1.070094342026095546e-07
-4.545605918337969342e-07 1.220357006559424917e-07 1.710859862669167342e-07
8.606160122326400597e-07 -2.176611246795800980e-07 -5.427194196272466797e-07
-3.797567558194714366e-07 -2.600301058919285424e-07 4.819540322387183551e-07
-4.546797924831480486e-07 -2.465991713052062551e-07 1.817949595306345145e-07
4.266444761924503837e-07 3.017735252797137946e-07 6.806928354308183771e-08
9.629565766999803600e-08 2.291551908228939283e-07 -5.117448722558037844e-07
-1.182512789910106221e-07 -2.604870701361505780e-07 2.025671790306660114e-07
-2.254608055807238998e-08 1.270723117841043859e-07 -2.298675028100660711e-08
9.799439482094385312e-08 5.773222255811560899e-08 -2.327255685941054253e-07
-6.177978661980887409e-07 -2.245851931093056919e-07 8.981733117252588272e-07
6.203794669090711977e-07 -6.592755852352638613e-08 -5.755218808189965785e-07
3.997429303126409650e-07 3.151646978949429467e-07 -6.602200528504909016e-07
-5.914426424169505481e-07 -1.953590498260382446e-07 5.866198193871241529e-07
5.353925658369007579e-08 1.213105207398257335e-07 -2.575608561983244726e-07
-6.060159876142279245e-07 -2.129225578073601355e-07 5.661456157213251572e-07
7.312937668757513165e-07 8.286551889113979996e-08 -5.614054430225223769e-07
-2.014394908655958716e-07 -1.599936325646922342e-07 1.222499150799194467e-07
