1.699996530078351498e-03 1.739996485412120819e-02 3.489992767572402954e-02
-8.920857310295104980e-02 -2.440605685114860535e-02 -5.600898340344429016e-02
-1.720425486564636230e-01 -6.022509932518005371e-02 -1.469169855117797852e-01
-2.342633008956909180e-01 -9.559631347656250000e-02 -2.378240823745727539e-01
-2.832392752170562744e-01 -1.317340135574340820e-01 -3.287302851676940918e-01
-3.234355747699737549e-01 -1.686439216136932373e-01 -4.196354746818542480e-01
-3.576873540878295898e-01 -2.050410509109497070e-01 -4.877694547176361084e-01
-3.873040676116943359e-01 -2.367787808179855347e-01 -5.270762443542480469e-01
-4.117912352085113525e-01 -2.601660490036010742e-01 -5.436040163040161133e-01
-4.295133948326110840e-01 -2.736515700817108154e-01 -5.424852371215820312e-01
-4.387216269969940186e-01 -2.776812911033630371e-01 -5.289660096168518066e-01
-4.384967684745788574e-01 -2.735554575920104980e-01 -5.072321891784667969e-01
-4.285640418529510498e-01 -2.631310522556304932e-01 -4.803744256496429443e-01
-4.095411598682403564e-01 -2.481498420238494873e-01 -4.510792791843414307e-01
-3.824392855167388916e-01 -2.304124534130096436e-01 -4.209472835063934326e-01
-3.493949472904205322e-01 -2.111484110355377197e-01 -3.914859890937805176e-01
-3.127770423889160156e-01 -1.916605830192565918e-01 -3.638454675674438477e-01
-2.755353748798370361e-01 -1.730879396200180054e-01 -3.383882343769073486e-01
-2.405210286378860474e-01 -1.561293303966522217e-01 -3.156947195529937744e-01
-2.097293287515640259e-01 -1.410139650106430054e-01 -2.954081892967224121e-01
-1.841720193624496460e-01 -1.278889477252960205e-01 -2.771574854850769043e-01
-1.636100411415100098e-01 -1.162339672446250916e-01 -2.604458034038543701e-01
-1.470150798559188843e-01 -1.060169860720634460e-01 -2.451033890247344971e-01
-1.335290819406509399e-01 -9.685477614402770996e-02 -2.306086421012878418e-01
-1.220766976475715637e-01 -8.841066062450408936e-02 -2.171908617019653320e-01
-1.122299060225486755e-01 -8.073850721120834351e-02 -2.043166756629943848e-01
-1.034332960844039917e-01 -7.369494438171386719e-02 -1.921842545270919800e-01
-9.552119672298431396e-02 -6.720194965600967407e-02 -1.806491613388061523e-01
-8.832472562789916992e-02 -6.119012460112571716e-02 -1.697819977998733521e-01
-8.161622285842895508e-02 -5.567013099789619446e-02 -1.593790948390960693e-01
-7.545260339975357056e-02 -5.062892287969589233e-02 -1.495912820100784302e-01
-6.972178071737289429e-02 -4.598819464445114136e-02 -1.402908265590667725e-01
-6.434897333383560181e-02 -4.167668893933296204e-02 -1.314328759908676147e-01
-5.948547273874282837e-02 -3.777285665273666382e-02 -1.231058761477470398e-01
-5.492637306451797485e-02 -3.420456126332283020e-02 -1.151782274246215820e-01
-5.068156495690345764e-02 -3.091305121779441833e-02 -1.078021824359893799e-01
-4.672655090689659119e-02 -2.794786356389522552e-02 -1.007800027728080750e-01
-4.310923442244529724e-02 -2.522968128323554993e-02 -9.418428689241409302e-02
-3.972737118601799011e-02 -2.273953147232532501e-02 -8.801998943090438843e-02
-3.659727796912193298e-02 -2.046242728829383850e-02 -8.219464123249053955e-02
-3.366033360362052917e-02 -1.847577653825283051e-02 -7.677701115608215332e-02
-3.096302971243858337e-02 -1.657221093773841858e-02 -7.166676223278045654e-02
-2.843158319592475891e-02 -1.490278821438550949e-02 -6.689948588609695435e-02
-2.617807872593402863e-02 -1.334542874246835709e-02 -6.238702684640884399e-02
-2.399013563990592957e-02 -1.194190140813589096e-02 -5.812900885939598083e-02
-2.202356606721878052e-02 -1.073710434138774872e-02 -5.420206859707832336e-02
-2.023586630821228027e-02 -9.610232897102832794e-03 -5.047234147787094116e-02
-1.856802590191364288e-02 -8.584694936871528625e-03 -4.711515828967094421e-02
-1.698878034949302673e-02 -7.666255347430706024e-03 -4.384367167949676514e-02
-1.555009651929140091e-02 -6.790024694055318832e-03 -4.086869210004806519e-02
-1.427507773041725159e-02 -6.080872379243373871e-03 -3.815170004963874817e-02
-1.300146896392107010e-02 -5.404772236943244934e-03 -3.553127497434616089e-02
-1.189527753740549088e-02 -4.742930643260478973e-03 -3.305010870099067688e-02
-1.089890394359827042e-02 -4.218197427690029144e-03 -3.077916614711284637e-02
-1.003632880747318268e-02 -3.754670731723308563e-03 -2.867240272462368011e-02
-9.085417725145816803e-03 -3.321328200399875641e-03 -2.673893980681896210e-02
-8.313423022627830505e-03 -2.818485954776406288e-03 -2.491262555122375488e-02
-7.590333465486764908e-03 -2.521274378523230553e-03 -2.311695180833339691e-02
-6.935592275112867355e-03 -2.225153148174285889e-03 -2.158006466925144196e-02
-6.282210350036621094e-03 -1.974568003788590431e-03 -2.010523527860641479e-02
-5.724024958908557892e-03 -1.642743009142577648e-03 -1.867359690368175507e-02
-5.242730025202035904e-03 -1.424459391273558140e-03 -1.743769831955432892e-02
-4.753688815981149673e-03 -1.284621772356331348e-03 -1.618342846632003784e-02
-4.327532835304737091e-03 -1.096977503038942814e-03 -1.508440729230642319e-02
-3.976470790803432465e-03 -9.318884694948792458e-04 -1.405229698866605759e-02
-3.504365449771285057e-03 -7.677967078052461147e-04 -1.305927801877260208e-02
-3.198953578248620033e-03 -6.874416139908134937e-04 -1.218369323760271072e-02
-2.884051064029335976e-03 -5.616972921416163445e-04 -1.138145476579666138e-02
-2.596586942672729492e-03 -4.601722175721079111e-04 -1.055503822863101959e-02
-2.410881686955690384e-03 -3.589361731428653002e-04 -9.881933219730854034e-03
-2.125778933987021446e-03 -2.902108244597911835e-04 -9.186022914946079254e-03
-1.899831579066812992e-03 -2.334309101570397615e-04 -8.543451316654682159e-03
-1.771926647052168846e-03 -1.481250365031883121e-04 -7.936392910778522491e-03
-1.620152383111417294e-03 -7.163474219851195812e-05 -7.428793236613273621e-03
-1.414311467669904232e-03 -3.610645580920390785e-05 -6.846735719591379166e-03
-1.283245161175727844e-03 1.899019298434723169e-05 -6.493690423667430878e-03
-1.104676979593932629e-03 -1.149704075942281634e-06 -5.996431689709424973e-03
-1.003509038127958775e-03 7.145309791667386889e-05 -5.617944523692131042e-03
-9.444185416214168072e-04 9.829759073909372091e-05 -5.181521642953157425e-03
-7.945274119265377522e-04 1.065420947270467877e-04 -4.796690773218870163e-03
-7.336208363994956017e-04 1.459753693779930472e-04 -4.511929117143154144e-03
-6.224176613613963127e-04 1.327496283920481801e-04 -4.185108002275228500e-03
-5.809188587591052055e-04 2.246077783638611436e-04 -3.935253713279962540e-03
-5.318185430951416492e-04 2.027498994721099734e-04 -3.642882686108350754e-03
-5.126024479977786541e-04 1.741551823215559125e-04 -3.374860621988773346e-03
-4.184250137768685818e-04 1.906401157611981034e-04 -3.169767791405320168e-03
-3.604481753427535295e-04 1.694676029728725553e-04 -2.976042684167623520e-03
-2.965611347462981939e-04 1.728346251184120774e-04 -2.802460454404354095e-03
-2.217210858361795545e-04 1.711388904368504882e-04 -2.535479376092553139e-03
-2.253124985145404935e-04 1.712574885459616780e-04 -2.366779372096061707e-03
-1.602085394551977515e-04 1.762979663908481598e-04 -2.263319911435246468e-03
-1.128321382566355169e-04 1.946179399965330958e-04 -2.065614564344286919e-03
-1.596806832822039723e-04 1.821855112211778760e-04 -1.969661097973585129e-03
-9.677916386863216758e-05 1.878571201814338565e-04 -1.892939093522727489e-03
-1.232314825756475329e-04 1.739943108987063169e-04 -1.742622931487858295e-03
-9.653093729866668582e-05 1.175010111182928085e-04 -1.567081431858241558e-03
-7.604666461702436209e-05 1.391978294122964144e-04 -1.459612511098384857e-03
-4.490153878577984869e-05 1.169940296676941216e-04 -1.336889108642935753e-03
-1.572276596562005579e-05 1.393555139657109976e-04 -1.243244390934705734e-03
9.032337402459233999e-06 1.192604540847241879e-04 -1.213311566971242428e-03
-8.251001418102532625e-06 1.493090676376596093e-04 -1.141226966865360737e-03
-6.052279059076681733e-05 1.560629461891949177e-04 -1.037961803376674652e-03
-3.048412327188998461e-05 1.836543087847530842e-04 -9.014136740006506443e-04
3.088805533479899168e-05 1.419391337549313903e-04 -8.676498546265065670e-04
4.209987309877760708e-05 1.392340345773845911e-04 -7.926045218482613564e-04
2.566640660006669350e-06 1.172975535155273974e-04 -7.623368292115628719e-04
5.441082612378522754e-05 1.020762865664437413e-04 -7.616133079864084721e-04
2.681458863662555814e-05 2.494844193279277533e-05 -6.540093454532325268e-04
4.700412318925373256e-05 7.655580702703446150e-05 -6.523579941131174564e-04
4.502425144892185926e-05 9.375879017170518637e-05 -6.222020019777119160e-04
5.089140177005901933e-05 8.939567487686872482e-05 -5.269222892820835114e-04
1.347313263977412134e-05 1.005134545266628265e-04 -5.316911847330629826e-04
1.436906586604891345e-05 7.562379323644563556e-05 -5.043987766839563847e-04
1.477822206652490422e-05 1.100289518944919109e-04 -4.749061772599816322e-04
2.789347308862488717e-05 1.361356407869607210e-04 -4.286561161279678345e-04
3.491751385809038766e-06 1.549206644995138049e-04 -4.343077889643609524e-04
2.870363096008077264e-05 9.422000584891065955e-05 -3.764872380997985601e-04
5.254345524008385837e-05 1.100126173696480691e-04 -3.574994043447077274e-04
1.742219319567084312e-05 6.462394958361983299e-05 -3.551760455593466759e-04
2.093389957735780627e-05 8.545252785552293062e-05 -3.103666531387716532e-04
4.153890768066048622e-05 6.899027357576414943e-05 -2.801897062454372644e-04
4.584735142998397350e-05 6.431811198126524687e-05 -2.487234887667000294e-04
8.056140359258279204e-06 2.991110704897437245e-05 -2.334134624106809497e-04
6.044933979865163565e-05 5.823934043291956186e-05 -2.016654325416311622e-04
3.211882722098380327e-05 2.071762537525501102e-05 -2.025628491537645459e-04
6.882636080263182521e-05 5.475349826156161726e-05 -2.006294816965237260e-04
3.308316081529483199e-05 4.660815466195344925e-05 -1.967508287634700537e-04
3.351244595251046121e-05 5.122724905959330499e-05 -1.973683392861858010e-04
4.092762901564128697e-05 5.496262019732967019e-05 -1.679330889601260424e-04
8.058335879468359053e-06 3.442409069975838065e-05 -1.811178954085335135e-04
3.170872150803916156e-05 6.987139204284176230e-05 -1.668082695687189698e-04
1.756882920744828880e-05 5.067607708042487502e-05 -1.545713894302025437e-04
1.806012915039900690e-05 4.172568515059538186e-05 -1.288464845856651664e-04
-5.885430255148094147e-06 5.248813977232202888e-05 -1.214235162478871644e-04
-3.046742858714424074e-05 1.122721641877433285e-05 -1.250960631296038628e-04
-2.076135751849506050e-05 3.626204852480441332e-05 -7.533058669650927186e-05
4.440833890839712694e-06 6.381642833730438724e-06 -9.448851051274687052e-05
-1.398261429130798206e-05 2.085978849208913743e-05 -8.256800356321036816e-05
2.412293724773917347e-05 6.506460977107053623e-06 -8.168524800566956401e-05
1.949993929883930832e-05 1.319360217166831717e-05 -8.376286132261157036e-05
1.125196649809367955e-05 1.034488468576455489e-05 -8.821694063954055309e-05
-2.997896899614715949e-06 1.934752071974799037e-05 -8.748133404878899455e-05
2.324539127585012466e-05 4.072789670317433774e-05 -4.493375672609545290e-05
6.207549176906468347e-06 3.396899046492762864e-06 -6.514816777780652046e-05
2.700778713915497065e-05 1.292450804157851962e-07 -6.566810770891606808e-05
1.105903811549069360e-05 6.997971922828583047e-06 -6.258423672989010811e-05
3.701183595694601536e-05 1.120069100579712540e-05 -4.923581946059130132e-05
1.961623456736560911e-05 -6.852519163658143952e-06 -8.506738959113135934e-05
2.695704824873246253e-05 1.510900460743869189e-06 -6.762138946214690804e-05
2.856809987861197442e-05 -1.221197408085572533e-06 -4.760716547025367618e-05
5.076970046502538025e-05 1.968328433576971292e-06 -3.504865526338107884e-05
2.485687218722887337e-05 -1.727145172480959445e-05 -6.678302452201023698e-05
8.270573744084686041e-06 6.353476237563882023e-06 -3.374031439307145774e-05
1.100345434679184109e-05 -1.897318071542031248e-07 -1.966745912795886397e-05
6.511993888125289232e-06 1.694833144938456826e-07 -3.881284646922722459e-05
2.546634959799121134e-06 1.918402574574429309e-07 -3.327094873384339735e-06
1.742168751661665738e-05 -3.810898306255694479e-06 -3.551379268174059689e-05
1.136374612542567775e-05 -4.709657787316245958e-06 -1.487947974965209141e-05
4.132744379603536800e-06 -1.120353590522427112e-05 -1.824964238039683551e-05
1.146151953435037285e-05 -1.149805211753118783e-05 -3.042946991627104580e-05
-8.097638783510774374e-06 -1.662186514295171946e-05 -4.338254257163498551e-06
1.512026528871501796e-06 -1.048177182383369654e-05 -4.153531699557788670e-05
5.698055701941484585e-06 4.986785370419966057e-06 3.080759825024870224e-06
-3.790627488342579454e-06 -3.980768724431982264e-06 -8.091428753687068820e-06
2.448326449666637927e-05 -6.095092885516351089e-06 -4.250195343047380447e-05
8.361145091839716770e-07 2.618265853016055189e-06 2.548534030211158097e-05
5.702780254068784416e-05 1.594590139575302601e-05 -1.636839078855700791e-05
2.615736411826219410e-05 2.245113819299149327e-06 1.558648909849580377e-05
2.257472078781574965e-05 3.198541435267543420e-06 -1.931646511366125196e-05
-4.008825271739624441e-06 -4.759334842674434185e-06 1.730067378957755864e-05
1.553846232127398252e-05 -9.862995398179918993e-08 -1.355823496851371601e-05
-4.809140591532923281e-06 -5.896268703509122133e-06 1.762950887496117502e-06
1.599019128661893774e-06 3.116463631158694625e-06 1.737681714075733908e-06
-1.917109148052986711e-05 9.941357347997836769e-06 9.922903700498864055e-06
1.392097510688472539e-05 1.516965085102128796e-06 -1.796474498405586928e-05
-2.335589442736818455e-06 -1.035310378938447684e-05 -4.524660653260070831e-06
-6.607911927858367562e-06 -7.211350293800933287e-06 -1.904699274746235460e-06
-5.384405085351318121e-06 -2.222796865680720657e-06 -1.279642583540407941e-05
-1.630889892112463713e-05 -6.376329565682681277e-06 -4.491396339290076867e-06
5.163457899470813572e-06 7.871652087487746030e-06 -2.125728133250959218e-05
-2.791497354337479919e-05 -5.998836968501564115e-06 2.098525692417751998e-05
1.325310950051061809e-05 -2.057224446616601199e-05 -5.227716428635176271e-06
-2.118094926117919385e-05 -1.345631335425423458e-05 1.200523638544837013e-05
1.218341913045151159e-05 -9.597469215805176646e-06 -1.374525800201809034e-05
-5.024536676501156762e-06 -3.685927822516532615e-06 -4.128472028241958469e-06
2.780261866064392962e-06 1.049609909387072548e-05 6.706040039716754109e-06
-1.661444184719584882e-05 1.329311271547339857e-05 4.053617431054590270e-06
1.895252898975741118e-05 4.007134521089028567e-06 -2.099283665302209556e-05
6.485998369498702232e-07 -8.265739779744762927e-06 1.357067594653926790e-05
7.210682724689831957e-06 7.555453521490562707e-06 9.156243322649970651e-06
-9.423304618394467980e-06 1.318595695920521393e-05 9.664627214078791440e-06
2.410666274954564869e-05 7.725579962425399572e-07 -1.619467002456076443e-05
1.468371829105308279e-05 -6.651564490312011912e-06 1.212569895869819447e-05
1.419790169165935367e-05 1.329675797023810446e-05 -5.300064003677107394e-06
-1.511471600679215044e-05 -1.135510842686926480e-06 3.893273606081493199e-05
2.182494790758937597e-05 -9.071217391465324908e-06 1.236465686815790832e-05
2.179919101763516665e-05 -6.021590252203168347e-06 -2.868924457288812846e-05
-2.831401616276707500e-06 -1.152295226347632706e-05 -2.248994860565289855e-06
-3.284529384472989477e-06 -6.216466317710001022e-06 -8.667235306347720325e-06
-7.009566161286784336e-06 -8.757933755987323821e-06 -7.955472028697840869e-06
-7.880783414293546230e-06 -2.208815885751391761e-06 -3.379824647709028795e-06
-2.704960752453189343e-05 3.566734449123032391e-06 5.798854544991627336e-06
-6.161442797747440636e-06 -1.154230449174065143e-05 -2.408504769846331328e-05
-3.287428626208566129e-05 -1.254619473911589012e-05 2.091782698698807508e-05
8.078906830633059144e-06 3.371115963091142476e-05 -1.681638241279870272e-05
-1.254586823051795363e-05 8.021604116947855800e-06 2.561169458203949034e-05
2.890923860832117498e-05 -6.819263035140465945e-06 -6.731202120136003941e-07
-4.062419975525699556e-06 -1.277848787140101194e-05 5.026601866120472550e-05
1.378659544570837170e-05 3.545774688973324373e-06 6.255564812818192877e-07
-3.165799171256367117e-06 3.396057309146272019e-06 -2.413330548733938485e-06
-2.951535861939191818e-06 -3.911139629053650424e-06 -1.027742564474465325e-05
2.220350870629772544e-05 -2.913398247983423062e-06 -3.370865670149214566e-06
2.025623871304560453e-06 2.874342328595957952e-07 -1.517644818704866339e-06
-1.941909977176692337e-05 8.622331733931787312e-06 9.510102245258167386e-06
1.366032120131421834e-05 -2.477920133969746530e-06 -1.954027538886293769e-05
-1.433828219887800515e-05 -9.623856385587714612e-06 1.202404473588103428e-05
5.568124379351502284e-07 -8.738865631130465772e-07 -4.406052539707161486e-06
-1.555421658849809319e-05 1.398724180035060272e-05 5.850932211615145206e-06
1.194810192828299478e-05 7.894600457802880555e-06 -1.309919298364548013e-05
2.147789018636103719e-06 -3.030894504263415001e-06 7.145210474845953286e-06
1.865747208285029046e-06 -2.073801624646876007e-06 2.216982011304935440e-06
-1.604877616045996547e-05 5.148957825440447778e-06 6.390198905137367547e-06
6.895529054418148007e-07 1.016122837427246850e-06 -1.370099016639869660e-05
-2.373808092670515180e-05 -1.122330922953551635e-05 2.855139973689801991e-05
2.926245315393316559e-06 5.800413305223628413e-07 2.087293751174001954e-06
1.275795875699259341e-05 -8.633297170490550343e-07 -2.807065357046667486e-05
-2.985632363561308011e-06 -5.801213774248026311e-06 4.852457095694262534e-06
1.297976496061892249e-06 1.373718873765028547e-06 -4.956873453920707107e-07
-1.586155121913179755e-05 1.278590389119926840e-05 -2.982771320603205822e-06
1.392559806845383719e-05 7.297443062270758674e-06 -8.062617780524305999e-06
1.509899107077217195e-06 -5.290194167173467577e-06 1.529725750515353866e-06
1.262673413293669000e-05 -4.106402229808736593e-06 -5.825965672556776553e-06
-1.726090999909501988e-06 -1.283183519262820482e-05 -1.067462449100275990e-06
-2.759016751952003688e-06 -2.979153578053228557e-06 3.541530531947501004e-06
-2.238608431071043015e-06 3.410960744076874107e-06 5.461058208311442286e-06
6.530667633342090994e-06 6.829826361354207620e-06 -7.663194992346689105e-06
7.526912213506875560e-06 -7.326029390242183581e-06 -2.104078930642572232e-06
9.900820259645115584e-06 2.029861025221180171e-05 -2.487511665094643831e-05
-1.488318139308830723e-05 1.930578264364157803e-06 2.395418050582520664e-05
1.522726961411535740e-05 -4.934088337904540822e-06 -2.737461500146309845e-06
-1.432989847671706229e-06 -4.846203864872222766e-06 -6.745336577296257019e-06
-1.536753916298039258e-05 5.439882443170063198e-06 -2.931461722255335189e-06
2.800035690597724169e-05 -6.850616045994684100e-06 -1.485135180701036006e-05
-5.975979547656606883e-06 -1.042115218297112733e-05 2.980870522151235491e-05
1.068367782863788307e-05 -3.573093636077828705e-06 -4.604913101502461359e-06
-6.402344297384843230e-06 9.408719961356837302e-06 1.779149897629395127e-06
-2.683100319700315595e-05 1.067770699592074379e-05 6.562863291037501767e-06
9.405710443388670683e-06 1.581253314952846267e-07 -1.827815867727622390e-05
-7.683008334424812347e-06 -1.122516096074832603e-05 1.209767106047365814e-05
9.463436072110198438e-06 2.901041114000690868e-07 -5.475747911987127736e-06
-1.831296503951307386e-05 -7.534987162216566503e-06 2.083964318444486707e-05
7.440991339535685256e-06 9.663419405114836991e-06 -8.036104190978221595e-06
-7.964705446283915080e-07 4.463530785869807005e-06 2.498027424735482782e-05
1.198524296341929585e-05 3.605325673561310396e-06 1.187438414262942388e-07
-4.732780780614120886e-06 4.669368536269757897e-06 -2.343963160456041805e-06
-8.491218068229500204e-06 -2.155588617824832909e-06 -1.302481268794508651e-05
1.326463097939267755e-05 3.720656422956380993e-06 -7.721217116340994835e-06
9.600215662430855446e-07 -9.122519259108230472e-06 1.875638417914160527e-06
1.151739343185909092e-05 3.210227816907718079e-07 -4.898914539808174595e-06
-5.460266947920899838e-06 9.457539107415868784e-08 -5.883202902623452246e-06
-1.891387728392146528e-05 1.270788925467059016e-05 1.533562908662133850e-06
1.367380536976270378e-05 -9.718120963952969760e-06 -2.118603333656210452e-05
-1.918435918923933059e-05 -1.321096169704105705e-05 2.365515865676570684e-05
6.335577040772477631e-07 4.157589614806056488e-07 8.910801625461317599e-07
-1.603964847163297236e-05 9.742703696247190237e-06 5.095918368169805035e-06
2.039744686044286937e-05 -3.185424475304898806e-06 -1.996363789658062160e-05
-5.064882316219154745e-06 -9.696475899545475841e-06 1.011103177006589249e-05
1.255385359399951994e-05 1.459340182918822393e-06 -6.134366685728309676e-06
-1.774585030034359079e-06 -1.129756765294587240e-05 9.963857337424997240e-06
5.286481155053479597e-06 1.179357695946237072e-05 -1.370505970044177957e-06
-2.015718200709670782e-05 1.582391178089892492e-06 2.980078170367050916e-05
1.322884691035142168e-05 -7.897634532127995044e-06 -1.987538780667819083e-06
-6.564679551956942305e-06 -7.732055564702022821e-06 -1.139477035394520499e-06
4.036116934003075585e-06 2.076322289212839678e-06 -7.635846486664377153e-06
-9.062673598236870021e-06 1.596749643795192242e-05 -1.808962906579836272e-06
-6.232534360606223345e-06 1.230506313731893897e-05 1.205134776682825759e-05
9.739416782394982874e-06 7.518315214838366956e-06 -1.532607348053716123e-05
1.090451041818596423e-05 -3.167856448271777481e-06 6.646428118983749300e-06
6.277587999647948891e-06 2.164735406040563248e-06 -1.262430305359885097e-05
-4.154835096414899454e-06 -1.328430516878142953e-05 3.371936827534227632e-06
-8.389660251850727946e-06 -6.928403308847919106e-06 -4.283149337425129488e-06
-3.449898258622852154e-06 -1.059421538229798898e-05 -1.982218236662447453e-05
-8.185046681319363415e-06 -1.363865976600209251e-05 -1.548076943436171860e-05
-1.312108452111715451e-05 -1.863647048594430089e-05 -9.235673132934607565e-06
-1.118858199333772063e-05 -1.684495828158105724e-06 -5.333720764610916376e-06
9.384924055666488130e-07 1.170730411104159430e-05 -2.081720049318391830e-05
-2.605754707474261522e-05 -8.529143997293431312e-06 1.819586395868100226e-05
3.129598553641699255e-06 -1.758770054038905073e-06 1.541734150123375002e-06
-1.436589991499204189e-05 6.188268343976233155e-06 7.925282261567190289e-06
1.111753408622462302e-05 4.181308668194105849e-06 -1.963205932042910717e-06
-1.363159753964282572e-06 -8.716056981938891113e-06 7.928902959974948317e-06
3.873132300213910639e-05 -5.330482963472604752e-06 -3.006165388796944171e-05
-2.232714359706733376e-05 -2.949883673863951117e-05 2.421335557301063091e-05
1.418045667378464714e-05 4.246258686180226505e-05 -6.939123522897716612e-06
9.830752787820529193e-06 1.343058647762518376e-05 1.127731775341089815e-05
2.830908306350465864e-05 1.168003382190363482e-05 -2.498339017620310187e-05
4.615838406607508659e-06 9.667281801739591174e-07 1.340386734227649868e-05
-3.035938107132096775e-06 -2.066094793917727657e-06 2.665060719664325006e-06
5.438033895188709721e-06 1.035397872328758240e-05 -2.363817429795744829e-06
-2.958250479423440993e-05 -2.394890088908141479e-06 2.779736860247794539e-05
7.107143119355896488e-06 -9.873616363620385528e-06 -1.536320382911071647e-06
1.636768956814194098e-06 -4.038836323161376640e-06 -1.929247810039669275e-05
-3.497453872114419937e-05 -1.687425719865132123e-05 2.343454980291426182e-05
-1.469859762437408790e-05 3.108487362624146044e-06 -7.010800800344441086e-06
1.868240724434144795e-05 5.969242465653223917e-06 -1.333145701210014522e-05
7.474549875041702762e-06 -4.643763077183393762e-06 6.314196980383712798e-06
6.066746209398843348e-06 9.686384146334603429e-06 -7.355080470006214455e-06
-7.801952051522675902e-06 -8.209961492866568733e-07 2.254832361359149218e-05
2.221540853497572243e-05 -1.282244102185359225e-05 4.855100428358127829e-07
-1.945795156643725932e-05 -1.218991201312746853e-05 1.659179542912170291e-05
1.807628905226010829e-06 -2.860129143300582655e-06 -1.132843408413464203e-05
1.191570208902703598e-05 1.104915736505063251e-05 -2.418791336822323501e-05
6.045660029485588893e-06 7.991452548594679683e-07 6.922645752638345584e-06
1.666452362769632600e-07 8.687457011546939611e-06 -1.137365052272798494e-05
-9.655675057729240507e-06 1.116840485337888822e-05 7.760831977066118270e-06
1.722163869999349117e-05 -1.170462201116606593e-05 -1.621277988306246698e-05
-1.619918657524976879e-05 -1.808283195714466274e-05 2.989946187881287187e-05
3.112965941909351386e-06 -3.722747351275756955e-06 4.152846940996823832e-06
-1.243771657755132765e-05 6.973333711357554421e-06 1.112202517106197774e-05
8.606985829828772694e-06 1.419419368176022545e-05 -1.902382246043998748e-05
-6.658866595898871310e-07 1.154098845290718600e-05 1.186813642561901361e-05
-1.540736047900281847e-05 1.532507485535461456e-05 2.439284344291081652e-06
8.230612365878187120e-06 6.501461029984056950e-06 -1.665800846240017563e-05
2.449561179673764855e-06 -9.642611757954000495e-07 9.265096196031663567e-06
7.479523446818348020e-06 4.183173587080091238e-06 5.917714133829576895e-06
2.145964117516996339e-06 7.253437161125475541e-06 -1.348124987998744473e-05
-1.836315459513571113e-05 -5.266015705274185166e-06 2.978260454256087542e-05
6.752311946911504492e-06 -5.856804818904493004e-06 1.741227265483757947e-06
5.104292085889028385e-06 8.825561053527053446e-06 -1.296521168114850298e-05
6.269429832173045725e-06 -1.860623797256266698e-06 9.007266271510161459e-06
5.643719759973464534e-06 1.171902295027393848e-05 -7.341524451476288959e-06
-1.381770175612473395e-06 4.477214588405331597e-06 2.110879722749814391e-05
2.138547642971388996e-05 -4.759005605592392385e-06 -1.663833472775877453e-06
4.773018645209958777e-06 5.054182565800147131e-07 -7.489649760827887803e-06
-6.603124802495585755e-06 8.652469659864436835e-06 -1.032751697493949905e-05
-2.376980228291358799e-05 1.358261397399473935e-05 -2.201324150519212708e-06
2.375151598243974149e-05 -6.830384791101096198e-07 -2.192170904891099781e-05
-3.861571258312324062e-06 -9.039140422828495502e-06 1.676308966125361621e-05
1.674323721090331674e-05 4.244363026373321190e-06 -1.907638079501339234e-06
-4.073082891409285367e-06 5.738271738664479926e-06 -2.655346179381012917e-06
-1.006397906166967005e-05 5.533245257538510486e-07 5.587719442701200023e-06
3.331934294692473486e-06 6.632778308812703472e-07 -8.865439667715691030e-06
-1.883031291072256863e-05 -7.793984877935145050e-06 1.637529931031167507e-05
4.517348770605167374e-06 -2.749433633653097786e-06 -1.121484820032492280e-05
-8.214789886551443487e-06 -1.013197743304772303e-05 -1.031747342494782060e-05
-6.902311270096106455e-06 4.585076283092348604e-07 -1.884229959614458494e-06
4.550224730337504297e-07 8.615946171630639583e-06 -3.839377313852310181e-06
-1.940475704031996429e-05 1.729393625282682478e-05 3.188585651514586061e-06
2.029571078310254961e-05 4.852499841945245862e-06 -1.927591256389860064e-05
4.806262495549162850e-06 -2.674033972027700656e-08 9.491969649388920516e-06
-9.908173524308949709e-06 -2.025509047598461621e-06 1.058555608324240893e-05
3.597916020225966349e-06 5.186412636248860508e-06 -4.445636932359775528e-06
-2.124111051671206951e-05 -5.579207481787307188e-06 2.111565299856010824e-05
1.385449377266922966e-05 -1.481532581237843260e-05 -9.508941730018705130e-06
-1.050587684403581079e-06 -8.751109817239921540e-06 -3.407046733627794310e-06
-4.862796231464017183e-06 -3.566568921087309718e-06 -3.682872829813277349e-06
-2.602101631055120379e-06 2.006250724662095308e-06 -1.557747054903302342e-05
1.046952547767432407e-05 1.231349051522556692e-05 1.473782776884036139e-05
2.681773139556753449e-06 1.310064726567361504e-05 9.949502782546915114e-06
-5.584088739851722494e-06 1.117489864554954693e-05 1.666697812652273569e-06
-2.264872455270960927e-05 2.245468022010754794e-05 8.288663593702949584e-06
1.669505400059279054e-05 9.676337867858819664e-06 -1.942647941177710891e-05
8.417309800279326737e-06 2.299990228493697941e-06 1.398602307745022699e-05
1.146536851592827588e-05 3.536085387167986482e-06 2.594270199551829137e-06
-4.502632691583130509e-06 1.732800797071831767e-06 5.712216079700738192e-06
-6.965581633266992867e-06 2.538125499995658174e-06 4.493918368098093197e-06
8.405911557929357514e-07 1.251166759175248444e-05 1.893445187306497246e-06
-1.581952346896287054e-05 1.907140540424734354e-05 3.794929170908289962e-06
1.597250229679048061e-05 1.473884458391694352e-05 -1.573225381434895098e-05
2.131525252480059862e-05 1.694616685199434869e-06 6.807848876633215696e-06
4.614289991877740249e-06 9.657423106546048075e-06 3.788766662182752043e-06
-2.100817982864100486e-05 -2.295304142307941220e-07 1.754606637405231595e-05
8.338311999978031963e-06 -8.607762538304086775e-06 -1.875806083262432367e-05
-7.421491773129673675e-06 -1.630091355764307082e-05 -1.539416757623257581e-06
-1.887969301606062800e-05 -5.557743406825466082e-06 -2.154373760276939720e-06
4.045320565637666732e-06 -6.725607363478047773e-06 -2.067770765279419720e-05
-2.535524617996998131e-05 -1.698175947240088135e-05 1.063601484929677099e-05
-7.121296221157535911e-06 -5.464630703500006348e-06 -8.844275726005434990e-06
8.165217877831310034e-06 -1.936885200848337263e-05 -2.295095509907696396e-05
1.183502718049567193e-06 6.852951173641486093e-06 3.796896635321900249e-05
2.381751437496859580e-05 1.951565309354919009e-06 1.963561771844979376e-06
1.371544749417807907e-05 2.394295051999506541e-06 -6.187761755427345634e-06
3.448213874435168691e-06 -7.055486548779299483e-06 2.503274572518421337e-06
4.183044438832439482e-06 5.747548129875212908e-06 -2.360786993449437432e-06
-1.647871977183967829e-05 1.129453266912605613e-05 5.415826763055520132e-06
2.264012255182024091e-05 1.400789074068597984e-06 -1.925314609252382070e-05
5.378325113269966096e-06 -1.041870564222335815e-05 2.653918727446580306e-06
-1.528886969026643783e-05 -2.162758755730465055e-05 1.091724971047369763e-05
4.104103027202654630e-06 -7.910470230854116380e-06 1.401118061039596796e-05
8.481109944113995880e-06 2.505692918930435553e-06 -9.249954928236547858e-06
3.105997620878042653e-06 -9.334584319731220603e-06 -4.231665684528707061e-08
2.081150341837201267e-06 -3.558510798029601574e-06 -1.087162331714353058e-06
6.535393822559854016e-06 -9.342983844362606760e-07 -1.166552374343154952e-05
-2.154622779926285148e-05 -1.114264705392997712e-05 2.916041557909920812e-05
6.652888259850442410e-06 -1.413922382198506966e-05 3.000191327373613603e-06
2.482284617144614458e-05 1.865024188418828999e-07 -2.700966615520883352e-05
-2.061003215203527361e-06 -8.693404197401832789e-06 -3.450156498274736805e-07
3.726057968833629275e-07 -3.179233999617281370e-06 -1.205225544254062697e-05
-2.717341521929483861e-05 -1.285744201595662162e-05 1.368160428683040664e-05
6.067287813493749127e-06 -9.090721505344845355e-06 -1.183680888061644509e-05
