1.699996530078351498e-03 1.739996485412120819e-02 3.489992767572402954e-02
-8.920858800411224365e-02 -7.350876927375793457e-02 -5.600899457931518555e-02
-1.801162809133529663e-01 -1.644166111946105957e-01 -1.469170302152633667e-01
-2.710230350494384766e-01 -2.211126238107681274e-01 -2.378241568803787231e-01
-3.619288802146911621e-01 -2.507910132408142090e-01 -3.287303447723388672e-01
-4.418866932392120361e-01 -2.657043039798736572e-01 -4.196355640888214111e-01
-4.783458411693572998e-01 -2.726892530918121338e-01 -5.105398893356323242e-01
-4.897297322750091553e-01 -2.749503552913665771e-01 -6.014432311058044434e-01
-4.865435659885406494e-01 -2.735840678215026855e-01 -6.704003214836120605e-01
-4.746520519256591797e-01 -2.689029872417449951e-01 -6.970565915107727051e-01
-4.571310281753540039e-01 -2.611634731292724609e-01 -6.971310973167419434e-01
-4.356330633163452148e-01 -2.507554292678833008e-01 -6.799419522285461426e-01
-4.112304151058197021e-01 -2.381580621004104614e-01 -6.513276696205139160e-01
-3.847766816616058350e-01 -2.238967418670654297e-01 -6.152077317237854004e-01
-3.570383191108703613e-01 -2.085034549236297607e-01 -5.743966698646545410e-01
-3.287235498428344727e-01 -1.924835145473480225e-01 -5.310204029083251953e-01
-3.004721105098724365e-01 -1.762907356023788452e-01 -4.867264926433563232e-01
-2.728354632854461670e-01 -1.603107452392578125e-01 -4.427917301654815674e-01
-2.462624907493591309e-01 -1.448535025119781494e-01 -4.001844823360443115e-01
-2.210937291383743286e-01 -1.301524937152862549e-01 -3.596086800098419189e-01
-1.975644081830978394e-01 -1.163695827126502991e-01 -3.215418457984924316e-01
-1.758149564266204834e-01 -1.036035269498825073e-01 -2.862722575664520264e-01
-1.559052765369415283e-01 -9.190058708190917969e-02 -2.539351284503936768e-01
-1.378305554389953613e-01 -8.126543462276458740e-02 -2.245468646287918091e-01
-1.215373724699020386e-01 -7.167144864797592163e-02 -1.980354338884353638e-01
-1.069375649094581604e-01 -6.307004392147064209e-02 -1.742670387029647827e-01
-9.392075240612030029e-02 -5.539827793836593628e-02 -1.530679613351821899e-01
-8.236394822597503662e-02 -4.858509823679924011e-02 -1.342416852712631226e-01
-7.213922590017318726e-02 -4.255596920847892761e-02 -1.175822690129280090e-01
-6.311916559934616089e-02 -3.723637759685516357e-02 -1.028836667537689209e-01
-5.518078804016113281e-02 -3.255419433116912842e-02 -8.994644880294799805e-02
-4.820802807807922363e-02 -2.844120375812053680e-02 -7.858209311962127686e-02
-4.209319874644279480e-02 -2.483405545353889465e-02 -6.861545890569686890e-02
-3.673768416047096252e-02 -2.167468331754207611e-02 -5.988612771034240723e-02
-3.205214068293571472e-02 -1.891044899821281433e-02 -5.224861204624176025e-02
-2.795622125267982483e-02 -1.649400219321250916e-02 -4.557204246520996094e-02
-2.437816560268402100e-02 -1.438304409384727478e-02 -3.973952308297157288e-02
-2.125421725213527679e-02 -1.253996975719928741e-02 -3.464718163013458252e-02
-1.852792501449584961e-02 -1.093148812651634216e-02 -3.020302765071392059e-02
-1.614949665963649750e-02 -9.528232738375663757e-03 -2.632591128349304199e-02
-1.407512556761503220e-02 -8.304362185299396515e-03 -2.294442430138587952e-02
-1.226633321493864059e-02 -7.237178739160299301e-03 -1.999585703015327454e-02
-1.068939361721277237e-02 -6.306785158812999725e-03 -1.742522791028022766e-02
-9.314778260886669159e-03 -5.495758261531591415e-03 -1.518441643565893173e-02
-8.116653189063072205e-03 -4.788862075656652451e-03 -1.323130540549755096e-02
-7.072450593113899231e-03 -4.172780085355043411e-03 -1.152910850942134857e-02
-6.162454374134540558e-03 -3.635878674685955048e-03 -1.004568766802549362e-02
-5.369459744542837143e-03 -3.168007591739296913e-03 -8.752992376685142517e-03
-4.678447730839252472e-03 -2.760307863354682922e-03 -7.626545149832963943e-03
-4.076324868947267532e-03 -2.405052306130528450e-03 -6.644997280091047287e-03
-3.551668021827936172e-03 -2.095502568408846855e-03 -5.789731163531541824e-03
-3.094520652666687965e-03 -1.825783401727676392e-03 -5.044513847678899765e-03
-2.696201205253601074e-03 -1.590773230418562889e-03 -4.395197611302137375e-03
-2.349144313484430313e-03 -1.386007643304765224e-03 -3.829444758594036102e-03
-2.046755747869610786e-03 -1.207596273161470890e-03 -3.336506430059671402e-03
-1.783287618309259415e-03 -1.052148523740470409e-03 -2.907014451920986176e-03
-1.553731388412415981e-03 -9.167092503048479557e-04 -2.532805083319544792e-03
-1.353723462671041489e-03 -7.987035787664353848e-04 -2.206763019785284996e-03
-1.179460901767015457e-03 -6.958877202123403549e-04 -1.922690076753497124e-03
-1.027629827149212360e-03 -6.063066539354622364e-04 -1.675183884799480438e-03
-8.953434880822896957e-04 -5.282570491544902325e-04 -1.459538005292415619e-03
-7.800859748385846615e-04 -4.602546105161309242e-04 -1.271651592105627060e-03
-6.796652451157569885e-04 -4.010059637948870659e-04 -1.107951626181602478e-03
-5.921716219745576382e-04 -3.493842668831348419e-04 -9.653243469074368477e-04
-5.159411230124533176e-04 -3.044078766833990812e-04 -8.410576847381889820e-04
-4.495235916692763567e-04 -2.652212278917431831e-04 -7.327875937335193157e-04
-3.916560381185263395e-04 -2.310790732735767961e-04 -6.384552107192575932e-04
-3.412376972846686840e-04 -2.013319899560883641e-04 -5.562661099247634411e-04
-2.973098307847976685e-04 -1.754143158905208111e-04 -4.846573865506798029e-04
-2.590368094388395548e-04 -1.528330467408522964e-04 -4.222669231239706278e-04
-2.256906736874952912e-04 -1.331586536252871156e-04 -3.679080691654235125e-04
-1.966371928574517369e-04 -1.160169995273463428e-04 -3.205468819942325354e-04
-1.713238161755725741e-04 -1.010819760267622769e-04 -2.792825107462704182e-04
-1.492690789746120572e-04 -8.806958066998049617e-05 -2.433301415294408798e-04
-1.300534786423668265e-04 -7.673227082705125213e-05 -2.120059652952477336e-04
-1.133115220000036061e-04 -6.685443804599344730e-05 -1.847141975304111838e-04
-9.872479131445288658e-05 -5.824817708344198763e-05 -1.609356695553287864e-04
-8.601582521805539727e-05 -5.074981163488700986e-05 -1.402181951561942697e-04
-7.494290912291035056e-05 -4.421672565513290465e-05 -1.221676939167082310e-04
-6.529541860800236464e-05 -3.852464215015061200e-05 -1.064409152604639530e-04
-5.688983583240769804e-05 -3.356531669851392508e-05 -9.273863543057814240e-05
-4.956632619723677635e-05 -2.924441105278674513e-05 -8.080028055701404810e-05
-4.318559513194486499e-05 -2.547973963373806328e-05 -7.039876072667539120e-05
-3.762625055969692767e-05 -2.219969974248670042e-05 -6.133622082415968180e-05
-3.278258736827410758e-05 -1.934190549945924431e-05 -5.344034070731140673e-05
-2.856244282156694680e-05 -1.685199276835191995e-05 -4.656089731724932790e-05
-2.488556128810159862e-05 -1.468261598347453400e-05 -4.056705438415519893e-05
-2.168200626329053193e-05 -1.279250318475533277e-05 -3.534481220412999392e-05
-1.889085433504078537e-05 -1.114570659410674125e-05 -3.079482485190965235e-05
-1.645900738367345184e-05 -9.710905942483805120e-06 -2.683056663954630494e-05
-1.434021578461397439e-05 -8.460810022370424122e-06 -2.337663681828416884e-05
-1.249418073712149635e-05 -7.371638730546692386e-06 -2.036733712884597480e-05
-1.088578665076056495e-05 -6.422678325179731473e-06 -1.774542033672332764e-05
-9.484444490226451308e-06 -5.595878519670804963e-06 -1.546103158034384251e-05
-8.263499694294296205e-06 -4.875513241131557152e-06 -1.347071156487800181e-05
-7.199729225249029696e-06 -4.247882316121831536e-06 -1.173661166831152514e-05
-6.272898190218256786e-06 -3.701047489812481217e-06 -1.022574542730581015e-05
-5.465381036628969014e-06 -3.224605961804627441e-06 -8.909370080800727010e-06
-4.761815489473519847e-06 -2.809497573252883740e-06 -7.762455425108782947e-06
-4.148821517446776852e-06 -2.447826773277483881e-06 -6.763184501323848963e-06
-3.614738261603633873e-06 -2.132715053448919207e-06 -5.892550689168274403e-06
-3.149408030367339961e-06 -1.858167479440453462e-06 -5.133994818606879562e-06
-2.743980530794942752e-06 -1.618963210603396874e-06 -4.473089575185440481e-06
-2.390744612057460472e-06 -1.410552158631617203e-06 -3.897263013641349971e-06
-2.082980927298194729e-06 -1.228969722433248535e-06 -3.395562998775858432e-06
-1.814835854929697234e-06 -1.070763005373009946e-06 -2.958447566925315186e-06
-1.581209403411776293e-06 -9.329224326393159572e-07 -2.577602799647138454e-06
-1.377658236378920265e-06 -8.128259878503740765e-07 -2.245784799015382305e-06
-1.200310407512006350e-06 -7.081898729666136205e-07 -1.956682126547093503e-06
-1.045793055709509645e-06 -6.170237156766233966e-07 -1.704795863588515203e-06
-9.111668646255566273e-07 -5.375935074880544562e-07 -1.485334792050707620e-06
-7.938713224575622007e-07 -4.683884355927148135e-07 -1.294125809181423392e-06
-6.916753250152396504e-07 -4.080922053617541678e-07 -1.127531277234083973e-06
-6.026350547472247854e-07 -3.555579723979462869e-07 -9.823822892940370366e-07
-5.250569188319786917e-07 -3.097864578194275964e-07 -8.559189268453337718e-07
-4.574657452849351102e-07 -2.699071899314731127e-07 -7.457352921846904792e-07
-3.985756791280437028e-07 -2.351616785745136440e-07 -6.497356821455468889e-07
-3.472665071058145259e-07 -2.048890053174545756e-07 -5.660941724272561260e-07
-3.025624550900829490e-07 -1.785133889598000678e-07 -4.932201136398361996e-07
-2.636132307998195756e-07 -1.555331294866846292e-07 -4.297272653275285847e-07
-2.296779229027379188e-07 -1.355111436396327917e-07 -3.744079322132165544e-07
-2.001111596428017947e-07 -1.180666160394139297e-07 -3.262098857703676913e-07
-1.743505464446570841e-07 -1.028677161230007187e-07 -2.842164690264326055e-07
-1.519061356702877674e-07 -8.962539510548594990e-08 -2.476289466812886531e-07
-1.323510048223397462e-07 -7.808779400875209831e-08 -2.157513421252588159e-07
-1.153133055709076871e-07 -6.803544039257758413e-08 -1.879774060853378614e-07
-1.004688456873736868e-07 -5.927715918119247362e-08 -1.637788358266334399e-07
-8.753535496452968800e-08 -5.164633876120205969e-08 -1.426953559757748735e-07
-7.626682219097347115e-08 -4.499784012068630545e-08 -1.243259930561180227e-07
-6.644889083418092923e-08 -3.920521862710302230e-08 -1.083213163610707852e-07
-5.789483736862166552e-08 -3.415827620756317629e-08 -9.437696490977032227e-08
-5.044196527137501107e-08 -2.976104873653184768e-08 -8.222768599353003083e-08
-4.394849995037475310e-08 -2.592987158323012409e-08 -7.164242532553544152e-08
-3.829094552543210739e-08 -2.259188036646264663e-08 -6.241980088361742673e-08
-3.336171161549827957e-08 -1.968359697457344737e-08 -5.438441519345360575e-08
-2.906701723759397282e-08 -1.714970565558360249e-08 -4.738342695986830222e-08
-2.532517839881620603e-08 -1.494200319029914681e-08 -4.128370179046214616e-08
-2.206503424417860515e-08 -1.301850005575033720e-08 -3.596920095105815562e-08
-1.922457393277454685e-08 -1.134261218282972550e-08 -3.133882842121238355e-08
-1.674976957133367250e-08 -9.882460183519015118e-09 -2.730454440325047472e-08
-1.459355036814713458e-08 -8.610278712239960441e-09 -2.378958896542826551e-08
-1.271490290832844039e-08 -7.501866683412572456e-09 -2.072712312894964271e-08
-1.107809755040989330e-08 -6.536142294066848990e-09 -1.805889482398015389e-08
-9.651996535353646323e-09 -5.694736238126552053e-09 -1.573414998290445510e-08
-8.409482887827834929e-09 -4.961644872736314937e-09 -1.370867330763303471e-08
-7.326919071459769839e-09 -4.322925128974475228e-09 -1.194393473014088158e-08
-6.383714445945543048e-09 -3.766429834684004163e-09 -1.040637709337488559e-08
-5.561930027653261277e-09 -3.281572347191286099e-09 -9.066750905617482204e-09
-4.845935208663831872e-09 -2.859130709964574635e-09 -7.899576992542733933e-09
-4.222111105178782964e-09 -2.491070683063867364e-09 -6.882654446371816448e-09
-3.678593207823155353e-09 -2.170391644185087898e-09 -5.996640961569710271e-09
-3.205043563880849433e-09 -1.890993805986340703e-09 -5.224684240801025226e-09
-2.792454933953081309e-09 -1.647563530049467317e-09 -4.552104471144957643e-09
-2.432978485344960973e-09 -1.435470520227966063e-09 -3.966106110198097667e-09
-2.119778574893871337e-09 -1.250680337072651582e-09 -3.455544073105443204e-09
-1.846897079715859036e-09 -1.089678569599072944e-09 -3.010706572936783232e-09
-1.609143929215406388e-09 -9.494028896384065774e-10 -2.623133932289078984e-09
-1.401996740924005280e-09 -8.271850981955708448e-10 -2.285454048234214497e-09
-1.221515777416470883e-09 -7.207006103016055931e-10 -1.991244724663943089e-09
-1.064268451145267136e-09 -6.279238795592334554e-10 -1.734908772199617033e-09
-9.272637657709026371e-10 -5.470904285154176705e-10 -1.511571756651619580e-09
-8.078959168322796813e-10 -4.766628203256573215e-10 -1.316985520638525031e-09
-7.038943317105861297e-10 -4.153014876440153103e-10 -1.147448247529325727e-09
-6.132810925763010346e-10 -3.618391697379763627e-10 -9.997357386382077493e-10
-5.343326336948450717e-10 -3.152591521171643763e-10 -8.710383525567522156e-10
-4.655473506698371011e-10 -2.746754768079284759e-10 -7.589084916048705054e-10
-4.056167901556051447e-10 -2.393161779856711746e-10 -6.612131397965015367e-10
-3.534012804617958636e-10 -2.085086825420745527e-10 -5.760941723664814162e-10
-3.079074495371258990e-10 -1.816670841536804915e-10 -5.019328841449066658e-10
-2.682701560896560977e-10 -1.582808328848273050e-10 -4.373184869788104834e-10
-2.337353921522122846e-10 -1.379051317584867320e-10 -3.810219362243572050e-10
-2.036463081500627936e-10 -1.201524019167621304e-10 -3.319724772854470984e-10
-1.774306535029523957e-10 -1.046850453545467019e-10 -2.892371619989120290e-10
-1.545897576615828939e-10 -9.120880439805745254e-11 -2.520032793551507666e-10
-1.346892319897818879e-10 -7.946737712316576108e-11 -2.195625764533915003e-10
-1.173505181917278151e-10 -6.923742135178656554e-11 -1.912979913365475682e-10
-1.022438245179557725e-10 -6.032438437664211506e-11 -1.666719540160954693e-10
-8.908183218858667374e-11 -5.255875942800081191e-11 -1.452161030313092738e-10
-7.761419978935535369e-11 -4.579281051575456729e-11 -1.265222648871855426e-10
-6.762281706818029647e-11 -3.989784544411456579e-11 -1.102348698434063579e-10
-5.891765547660909874e-11 -3.476173515704061856e-11 -9.604421424835862808e-11
-5.133309749494330276e-11 -3.028681125338827940e-11 -8.368032655692303479e-11
-4.472491821339019680e-11 -2.638795085219136638e-11 -7.290805459359006591e-11
-3.896742303832745336e-11 -2.299099452485187101e-11 -6.352251363805905271e-11
-3.395110581561056051e-11 -2.003133423023051307e-11 -5.534516941962941416e-11
-2.958053593737908216e-11 -1.745267125263794128e-11 -4.822050744812678147e-11
-2.577259239355811360e-11 -1.520596322468481532e-11 -4.201302500339565427e-11
-2.245484874430214717e-11 -1.324848043771087447e-11 -3.660463251953238739e-11
-1.956420615789600248e-11 -1.154298878702775255e-11 -3.189246783330546009e-11
-1.704568083904511866e-11 -1.005704720891120729e-11 -2.778690992577548258e-11
-1.485136666423692020e-11 -8.762390119043672598e-12 -2.420985807660702704e-11
-1.293953225817157104e-11 -7.634395719768871658e-12 -2.109328683941313898e-11
-1.127380827581347944e-11 -6.651610685859399297e-12 -1.837791897829621490e-11
-9.822515197044356938e-12 -5.795341203457260448e-12 -1.601210483648252136e-11
-8.558052703999674549e-12 -5.049299520165639876e-12 -1.395084481964348200e-11
-7.456363651514585911e-12 -4.399296898993654281e-12 -1.215493764666897292e-11
-6.496495615765374154e-12 -3.832968664685409976e-12 -1.059021620397615493e-11
-5.660194101614335338e-12 -3.339545220221173949e-12 -9.226923912419859874e-12
-4.931550827425024153e-12 -2.909640844234173684e-12 -8.039129258119448451e-12
-4.296704485262647921e-12 -2.535078267099089011e-12 -7.004243105651619672e-12
-3.743584435500491026e-12 -2.208733630021386674e-12 -6.102578078287512753e-12
-3.261668279214147148e-12 -1.924400309244456153e-12 -5.316986000786227962e-12
-2.841789087035251349e-12 -1.676669979071288008e-12 -4.632522664083094099e-12
-2.475961276282578893e-12 -1.460830263179391242e-12 -4.036172437937857183e-12
-2.157228172136593791e-12 -1.272775830042649492e-12 -3.516591315019801378e-12
-1.879525181325281125e-12 -1.108929571433381334e-12 -3.063895491484114331e-12
-1.637571588747332996e-12 -9.661752734674289300e-13 -2.669476402081261135e-12
-1.426764630919896693e-12 -8.417983649554316994e-13 -2.325830934096773106e-12
-1.243095578730424311e-12 -7.334326288660486526e-13 -2.026423083154038629e-12
-1.083070373837646816e-12 -6.390169426592762214e-13 -1.765559378384684575e-12
-9.436453354827456508e-13 -5.567555422768266649e-13 -1.538276559083506800e-12
-8.221684509417126474e-13 -4.850834903029344058e-13 -1.340252128029240097e-12
-7.163296106456329415e-13 -4.226380259219481017e-13 -1.167719783715104320e-12
-6.241156137905268242e-13 -3.682312430235840095e-13 -1.017397754585203096e-12
-5.437722754714213735e-13 -3.208283790544219638e-13 -8.864267826702576514e-13
-4.737717379868500167e-13 -2.795277030676057706e-13 -7.723156966385480438e-13
-4.127825468588919300e-13 -2.435436834841153697e-13 -6.728944658418445357e-13
-3.596445244478246872e-13 -2.121919583401507547e-13 -5.862717538003547890e-13
-3.133469503834029890e-13 -1.848762164408448982e-13 -5.108001153129870797e-13
-2.730093982914599815e-13 -1.610768538950341222e-13 -4.450441480185335363e-13
-2.378646053995819853e-13 -1.403412705058143528e-13 -3.877530349756519445e-13
-2.072439713330515021e-13 -1.222749928652538953e-13 -3.378370987908857481e-13
-1.805651711050265673e-13 -1.065343695422563131e-13 -2.943468494116807666e-13
-1.573207574412024967e-13 -9.282006586952551430e-14 -2.564551761057021206e-13
-1.370686333532211698e-13 -8.087122280436148669e-14 -2.234413961363715395e-13
-1.194235953617256429e-13 -7.046056446635695636e-14 -1.946774447376953265e-13
-1.040500557892773403e-13 -6.139008165749818002e-14 -1.696163961237631690e-13
-9.065555787611187522e-14 -5.348726764774734688e-14 -1.477814723892245663e-13
-7.898537509806735635e-14 -4.660177747709860763e-14 -1.287573563393817899e-13
-6.881749673153664260e-14 -4.060267340443360351e-14 -1.121822293804856929e-13
-5.995851466147547604e-14 -3.537583298670286813e-14 -9.774085973088611490e-14
-5.223998791599286651e-14 -3.082185182534842582e-14 -8.515856477018385329e-14
-4.551505792269386341e-14 -2.685411741338173536e-14 -7.419597298748484282e-14
-3.965583964720201249e-14 -2.339715911520243857e-14 -6.464464651512874527e-14
-3.455089404684474896e-14 -2.038521329278571159e-14 -5.632285951647983402e-14
-3.010312065268062887e-14 -1.776099849604053510e-14 -4.907234219127774855e-14
-2.622790595547663112e-14 -1.547460415558289670e-14 -4.275518402318233269e-14
-2.285155131255805355e-14 -1.348253597660423533e-14 -3.725125541148219255e-14
-1.990983637992996963e-14 -1.174691125757154966e-14 -3.245585291950132956e-14
-1.734681632549212732e-14 -1.023471688936560334e-14 -2.827776634541350614e-14
-1.511373932093235811e-14 -8.917188480130587569e-15 -2.463753214030500738e-14
-1.316812666394585885e-14 -7.769264866056089375e-15 -2.146590874886958322e-14
-1.147297656726477266e-14 -6.769117584574891808e-15 -1.870257726086736044e-14
-9.996045874718917368e-15 -5.897719734592821519e-15 -1.629496572939405363e-14
-8.709241891579656836e-15 -5.138498692980374496e-15 -1.419729795288119864e-14
-7.588091294901972567e-15 -4.477013395019812173e-15 -1.236966258588712009e-14
-6.611266642106948532e-15 -3.900682013312619170e-15 -1.077729824328944874e-14
-5.760190806595403418e-15 -3.398541823938956707e-15 -9.389923497223843368e-15
-5.018674024129992153e-15 -2.961042953935006175e-15 -8.181144801053859966e-15
-4.372614043171877893e-15 -2.579864151626941327e-15 -7.127972833558069571e-15
-3.809722109722295247e-15 -2.247754391469791724e-15 -6.210379077182170623e-15
-3.319290880295002605e-15 -1.958398619325302931e-15 -5.410908300465620130e-15
-2.891994310382493306e-15 -1.706291438673677215e-15 -4.714354991455782518e-15
-2.519703636548204645e-15 -1.486638325396100017e-15 -4.107471131341126902e-15
-2.195338510386037924e-15 -1.295261077722002687e-15 -3.578710390501156288e-15
-1.912729990941140074e-15 -1.128520524472625530e-15 -3.118018064335488504e-15
-1.666501854218169643e-15 -9.832444213813827834e-16 -2.716631808763014626e-15
-1.451970960930876013e-15 -8.566700116721269378e-16 -2.366916257038947577e-15
-1.265056412218506371e-15 -7.463897100714060508e-16 -2.062219659428499337e-15
-1.102204057834381672e-15 -6.503058924249040511e-16 -1.796747675297740050e-15
-9.603157688948009071e-16 -5.665912439675973959e-16 -1.565449976577784359e-15
-8.366929513693710779e-16 -4.936532368795295937e-16 -1.363927815294422273e-15
-7.289843476756326535e-16 -4.301047223606737193e-16 -1.188347414449262424e-15
-6.351414086306511088e-16 -3.747367726370610724e-16 -1.035370087801583579e-15
-5.533788005398511921e-16 -3.264964728156953544e-16 -9.020856419028567760e-16
-4.821415826703108216e-16 -2.844661685773449376e-16 -7.859587483232722844e-16
-4.200748993531171422e-16 -2.478463931686997711e-16 -6.847812451088973462e-16
-3.659980925389160660e-16 -2.159408325675576164e-16 -5.966283028266557674e-16
-3.188827054110632622e-16 -1.881424950229821616e-16 -5.198235903343720841e-16
-2.778324977020248760e-16 -1.639226731572091130e-16 -4.529060816771510352e-16
-2.420666903228896544e-16 -1.428206869260505380e-16 -3.946028186841674156e-16
-2.109051290519021950e-16 -1.244351618265161059e-16 -3.438050881670245496e-16
-1.837550231748824960e-16 -1.084164651572919029e-16 -2.995465049422440856e-16
-1.600999737615810530e-16 -9.445985696326849321e-17 -2.609854358976104695e-16
-1.394901004378874257e-16 -8.229991814693476179e-17 -2.273885093194790872e-16
-1.215333460632310805e-16 -7.170534253924128036e-17 -1.981165065002485608e-16
-1.058881776888562231e-16 -6.247462894297013138e-17 -1.726126753306665988e-16
-9.225703528737037797e-17 -5.443219338385590878e-17 -1.503919968042015083e-16
-8.038066721990962528e-17 -4.742506700558040626e-17 -1.310318544197325969e-16
-7.003318038735308385e-17 -4.131998108529398041e-17 -1.141639476638818540e-16
-6.101771242135803353e-17 -3.600080608243908659e-17 -9.946750251254611597e-17
-5.316282186816673379e-17 -3.136637449937803928e-17 -8.666293853612735986e-17
-4.631910998298475720e-17 -2.732854527875963808e-17 -7.550670729251037264e-17
-4.035639177228605805e-17 -2.381050477454098373e-17 -6.578662702840795207e-17
-3.516125415664471583e-17 -2.074534731005633713e-17 -5.731782618563694667e-17
-3.063490860986474754e-17 -1.807477485009418601e-17 -4.993923946404348112e-17
-2.669123735837325748e-17 -1.574798692451519872e-17 -4.351050423984465724e-17
-2.325523662730761242e-17 -1.372072606182533807e-17 -3.790934005744798607e-17
-2.026155914827612315e-17 -1.195443902803473255e-17 -3.302923252373623933e-17
-1.765326015354941417e-17 -1.041552657384209072e-17 -2.877732896058911457e-17
-1.538073031307023018e-17 -9.074722221994673910e-18 -2.507278569801935417e-17
-1.340075357573573825e-17 -7.906521512665634621e-18 -2.184513687400479082e-17
-1.167565930926966095e-17 -6.888705547421185977e-18 -1.903299079784296391e-17
-1.017263739467508244e-17 -6.001914164024524362e-18 -1.658285204495884402e-17
-8.863098815620944969e-18 -5.229279495424468438e-18 -1.444811560527996849e-17
-7.722139645405114541e-18 -4.556108332400238774e-18 -1.258819172614836023e-17
-6.728058387066956195e-18 -3.969594678298595672e-18 -1.096769775686206349e-17
-5.861947759755039102e-18 -3.458583795764108415e-18 -9.555813774977965018e-18
-5.107332393618838333e-18 -3.013355692213819513e-18 -8.325682053187080547e-18
-4.449858223488721199e-18 -2.625442933307329899e-18 -7.253904960682735142e-18
-3.877022827996254962e-18 -2.287466654390360289e-18 -6.320099112810397094e-18
-3.377927688980747207e-18 -1.992997800946995414e-18 -5.506503701047634069e-18
-2.943082356479223909e-18 -1.736436153435098138e-18 -4.797645071265722855e-18
-2.564215437956461067e-18 -1.512902276818794721e-18 -4.180037697938211442e-18
-2.234120535915896705e-18 -1.318144462749562599e-18 -3.641936443547459391e-18
-1.946518935917947065e-18 -1.148458182854083039e-18 -3.173104948013122983e-18
-1.695941319752411530e-18 -1.000615778382174126e-18 -2.764627031512493133e-18
-1.477620542151570431e-18 -8.718050420463087045e-19 -2.408732572961552976e-18
-1.287404363235560708e-18 -7.595766403539289754e-19 -2.098652753407781086e-18
-1.121674901800228555e-18 -6.617955167464590048e-19 -1.828490395469133791e-18
-9.772805997117469385e-19 -5.766016005202084563e-19 -1.593106846385278544e-18
-8.514738731679444064e-19 -5.023750135418570790e-19 -1.388024060512582962e-18
-7.418626192348941723e-19 -4.377036551082002854e-19 -1.209342088058012657e-18
-6.463615672871383379e-19 -3.813574301001892966e-19 -1.053662147282163807e-18
-5.631545905910284465e-19 -3.322648294318382343e-19 -9.180225180017902963e-19
-4.906590858395974179e-19 -2.894919661915747303e-19 -7.998443095608932082e-19
-4.274958844577779320e-19 -2.522252823975587396e-19 -6.968794518497065515e-19
-3.724638167985664236e-19 -2.197559618130147443e-19 -6.071692845752813256e-19
-3.245160599473828939e-19 -1.914664494871865535e-19 -5.290076960254386265e-19
-2.827406731282817721e-19 -1.668187549044879207e-19 -4.609076739527495332e-19
-2.463431235135117329e-19 -1.453439829798749196e-19 -4.015744480540212769e-19
-2.146310997044571056e-19 -1.266336745118082792e-19 -3.498792786846369667e-19
-1.870013285406253101e-19 -1.103319350417370595e-19 -3.048388548914241910e-19
-1.629284210860744624e-19 -9.612875924806140652e-20 -2.655965019031135782e-19
-1.419544423988769639e-19 -8.375398218790325881e-20 -2.314058701626350169e-19
-1.236804329298408322e-19 -7.297221927820299542e-20 -2.016166664615511158e-19
-1.077588992735113689e-19 -6.357841373757842791e-20 -1.756623108543542644e-19
-9.388698346576906125e-20 -5.539387516667249558e-20 -1.530491057623210167e-19
-8.180080196651242221e-20 -4.826294820748317889e-20 -1.333468784928325847e-19
-7.127048257598267253e-20 -4.205000108894592360e-20 -1.161809937765848739e-19
-6.209573772601687479e-20 -3.663684068751941251e-20 -1.012248445185901496e-19
-5.584563210340008896e-20 -3.294923397384106950e-20 -9.103627996801551177e-20
-5.243652353103642567e-20 -3.093784737919034915e-20 -8.547893164606335104e-20
-5.057702797636575502e-20 -2.984073446830654049e-20 -8.244769597962010328e-20
-4.956277529840503168e-20 -2.924233068743551288e-20 -8.079431703149145465e-20
-4.900954979614617765e-20 -2.891593361877518441e-20 -7.989249629335258737e-20
-4.870779043127771181e-20 -2.873789591662021634e-20 -7.940061463456763657e-20
-4.854320410759953380e-20 -2.864078297400193022e-20 -7.913229792337074822e-20
-4.845344208644045916e-20 -2.858780787188159081e-20 -7.898595804078275360e-20
-4.840447364041217347e-20 -2.855892117392759055e-20 -7.890611572462577972e-20
-4.837776798508892826e-20 -2.854315304350079846e-20 -7.886259180723871221e-20
-4.836319538914121672e-20 -2.853455811994848965e-20 -7.883884267637049051e-20
-4.835524670044246497e-20 -2.852987291726020102e-20 -7.882588566755667160e-20
-4.835091692692363272e-20 -2.852732028958865066e-20 -7.881880939591022187e-20
-4.834855816970814947e-20 -2.852593088465350300e-20 -7.881496429853155741e-20
-4.834726570000103537e-20 -2.852517155870057346e-20 -7.881286403525749699e-20
-4.834657099753346154e-20 -2.852475150604576138e-20 -7.881170081252109429e-20
-4.834618325662132730e-20 -2.852452532384701641e-20 -7.881108688941021509e-20
-4.834597323029392126e-20 -2.852439607687630500e-20 -7.881073146024075871e-20
-4.834586013919454878e-20 -2.852433145339094929e-20 -7.881053758978469160e-20
-4.834579551570919307e-20 -2.852429914164827144e-20 -7.881044065455665804e-20
-4.834576320396651522e-20 -2.852428298577693251e-20 -7.881037603107130233e-20
-4.834574704809517629e-20 -2.852426682990559359e-20 -7.881034371932862448e-20
-4.834573089222383737e-20 -2.852425067403425466e-20 -7.881034371932862448e-20
-4.834573089222383737e-20 -2.852425067403425466e-20 -7.881034371932862448e-20
-4.834573089222383737e-20 -2.852425067403425466e-20 -7.881034371932862448e-20
-4.834573089222383737e-20 -2.852425067403425466e-20 -7.881034371932862448e-20
-4.834573089222383737e-20 -2.852425067403425466e-20 -7.881034371932862448e-20
-4.834573089222383737e-20 -2.852425067403425466e-20 -7.881034371932862448e-20
-4.834573089222383737e-20 -2.852425067403425466e-20 -7.881034371932862448e-20
-4.834573089222383737e-20 -2.852425067403425466e-20 -7.881034371932862448e-20
-4.834573089222383737e-20 -2.852425067403425466e-20 -7.881034371932862448e-20
-4.834573089222383737e-20 -2.852425067403425466e-20 -7.881034371932862448e-20
-4.834573089222383737e-20 -2.852425067403425466e-20 -7.881034371932862448e-20
-4.834573089222383737e-20 -2.852425067403425466e-20 -7.881034371932862448e-20
-4.834573089222383737e-20 -2.852425067403425466e-20 -7.881034371932862448e-20
-4.834573089222383737e-20 -2.852425067403425466e-20 -7.881034371932862448e-20
-4.834573089222383737e-20 -2.852425067403425466e-20 -7.881034371932862448e-20
-4.834573089222383737e-20 -2.852425067403425466e-20 -7.881034371932862448e-20
-4.834573089222383737e-20 -2.852425067403425466e-20 -7.881034371932862448e-20
-4.834573089222383737e-20 -2.852425067403425466e-20 -7.881034371932862448e-20
-4.834573089222383737e-20 -2.852425067403425466e-20 -7.881034371932862448e-20
-4.834573089222383737e-20 -2.852425067403425466e-20 -7.881034371932862448e-20
-4.834573089222383737e-20 -2.852425067403425466e-20 -7.881034371932862448e-20
-4.834573089222383737e-20 -2.852425067403425466e-20 -7.881034371932862448e-20
-4.834573089222383737e-20 -2.852425067403425466e-20 -7.881034371932862448e-20
-4.834573089222383737e-20 -2.852425067403425466e-20 -7.881034371932862448e-20
-4.834573089222383737e-20 -2.852425067403425466e-20 -7.881034371932862448e-20
-4.834573089222383737e-20 -2.852425067403425466e-20 -7.881034371932862448e-20
-4.834573089222383737e-20 -2.852425067403425466e-20 -7.881034371932862448e-20
-4.834573089222383737e-20 -2.852425067403425466e-20 -7.881034371932862448e-20
-4.834573089222383737e-20 -2.852425067403425466e-20 -7.881034371932862448e-20
-4.834573089222383737e-20 -2.852425067403425466e-20 -7.881034371932862448e-20
-4.834573089222383737e-20 -2.852425067403425466e-20 -7.881034371932862448e-20
-4.834573089222383737e-20 -2.852425067403425466e-20 -7.881034371932862448e-20
-4.834573089222383737e-20 -2.852425067403425466e-20 -7.881034371932862448e-20
-4.834573089222383737e-20 -2.852425067403425466e-20 -7.881034371932862448e-20
-4.834573089222383737e-20 -2.852425067403425466e-20 -7.881034371932862448e-20
-4.834573089222383737e-20 -2.852425067403425466e-20 -7.881034371932862448e-20
-4.834573089222383737e-20 -2.852425067403425466e-20 -7.881034371932862448e-20
-4.834573089222383737e-20 -2.852425067403425466e-20 -7.881034371932862448e-20
-4.834573089222383737e-20 -2.852425067403425466e-20 -7.881034371932862448e-20
-4.834573089222383737e-20 -2.852425067403425466e-20 -7.881034371932862448e-20
-4.834573089222383737e-20 -2.852425067403425466e-20 -7.881034371932862448e-20
-4.834573089222383737e-20 -2.852425067403425466e-20 -7.881034371932862448e-20
-4.834573089222383737e-20 -2.852425067403425466e-20 -7.881034371932862448e-20
-4.834573089222383737e-20 -2.852425067403425466e-20 -7.881034371932862448e-20
-4.834573089222383737e-20 -2.852425067403425466e-20 -7.881034371932862448e-20
-4.834573089222383737e-20 -2.852425067403425466e-20 -7.881034371932862448e-20
-4.834573089222383737e-20 -2.852425067403425466e-20 -7.881034371932862448e-20
