2.997726737310068046e+01 4.503727207297836088e+01 6.003489425980941974e+01
2.983700003324977601e+01 4.516718807692443249e+01 6.018852390394715002e+01
2.965311117678968600e+01 4.520316970948872637e+01 6.030668304886913944e+01
2.942656272427325348e+01 4.514532965314954538e+01 6.038829727633837763e+01
2.915817585277889989e+01 4.499381978602270493e+01 6.043221566310808157e+01
2.884878542788703015e+01 4.474887909729941526e+01 6.043715659057399137e+01
2.849906501497660827e+01 4.441079640070764611e+01 6.040181516793175831e+01
2.810964224438395576e+01 4.397995439373392657e+01 6.032477967117090856e+01
2.768093857984677442e+01 4.345676314134453122e+01 6.020462091391541293e+01
2.721325732806525011e+01 4.284174561194353714e+01 6.003985989033496651e+01
2.670668623010125131e+01 4.213552119472115010e+01 5.982902663671578836e+01
2.616200521941702561e+01 4.134070876131491445e+01 5.956929573384590526e+01
2.558035764512184684e+01 4.046182404393197629e+01 5.925688737618641255e+01
2.496250545456038594e+01 3.950366383947712734e+01 5.888808842213838091e+01
2.430869495285099546e+01 3.847113303453983946e+01 5.845953868289322486e+01
2.361861689269467846e+01 3.736914615515824778e+01 5.796817063358964361e+01
2.289149772637853886e+01 3.620274302237670128e+01 5.741117094185675285e+01
2.212611648547845888e+01 3.497702017359364390e+01 5.678587985035930075e+01
2.132080718986673773e+01 3.369723002981604765e+01 5.608988390428821447e+01
2.047351528421934219e+01 3.236875212367003485e+01 5.532083864151379515e+01
1.958184023068595181e+01 3.099716120236440275e+01 5.447651963365667172e+01
1.864305768821110831e+01 2.958821810264873875e+01 5.355473938281535595e+01
1.765982885450304707e+01 2.814789133139915833e+01 5.255339345306823162e+01
1.663833699869422844e+01 2.668227399818097112e+01 5.147062366855107030e+01
1.558443972580599279e+01 2.519755845237650860e+01 5.030482481040054665e+01
1.450361217965994420e+01 2.370003200154631173e+01 4.905461212949342098e+01
1.340100488021604264e+01 2.219606718974480586e+01 4.771883680729295918e+01
1.228148711719864394e+01 2.069210794551993260e+01 4.629652767811922587e+01
1.114968700060809326e+01 1.919464165556146185e+01 4.478689113075966333e+01
1.001003314464927918e+01 1.771017587043197494e+01 4.318933266752988942e+01
8.866781253987953804e+00 1.624521762143373493e+01 4.150344780651683863e+01
7.724047019077950438e+00 1.480623357378420479e+01 3.972901238808567825e+01
6.585840521633797628e+00 1.339958856053118730e+01 3.786597071729421771e+01
5.456078493385809303e+00 1.203154185550369171e+01 3.591449574166649938e+01
4.338622026041334401e+00 1.070817203098612680e+01 3.387493104993970405e+01
3.236757559010684293e+00 9.435537144103328444e+00 3.175089444699411345e+01
2.152764715880520985e+00 8.219640994706089998e+00 2.955401164633139643e+01
1.089078778686092264e+00 7.065754844773401544e+00 2.729972609545918161e+01
4.895308011335456483e-02 5.978031932172941154e+00 2.500336077340945096e+01
-9.636907450170698608e-01 4.959493482271498443e+00 2.268004287216922421e+01
-1.946492892149322307e+00 4.012066363966795279e+00 2.034462432518472141e+01
-2.897852368446251159e+00 3.136693479299908827e+00 1.801155380580182452e+01
-3.815468647594237428e+00 2.333378556009167770e+00 1.569479357857034429e+01
-4.696473016870298167e+00 1.601238065750447470e+00 1.340769597767812726e+01
-5.537597994521750167e+00 9.385635944300505518e-01 1.116294176701328666e+01
-6.335328953911090188e+00 3.429020359428115450e-01 8.972416969046921764e+00
-7.086049620915429337e+00 -1.885961909396117464e-01 6.845097161825137277e+00
-7.786233908835916928e+00 -6.586881239272570632e-01 4.784876482001521936e+00
-8.432598224225319683e+00 -1.070140378327976372e+00 2.793330598995486636e+00
-9.022133364936349764e+00 -1.425918995751749296e+00 8.719168808935665593e-01
-9.552114916110415521e+00 -1.729154780751885445e+00 -9.780618489033534591e-01
-1.002010801012055197e+01 -1.983103992545718119e+00 -2.755475717895580434e+00
-1.042395391757117906e+01 -2.191113635583843422e+00 -4.459383991367377398e+00
-1.076177281008902398e+01 -2.356587604708949346e+00 -6.089039856425316088e+00
-1.103195583510848898e+01 -2.482945087888667413e+00 -7.643897306878185915e+00
-1.123313895129529527e+01 -2.573598020862046365e+00 -9.123598534804266080e+00
-1.136419570016208880e+01 -2.631913612996304330e+00 -1.052797570481644485e+01
-1.142461055787263291e+01 -2.661187224714832045e+00 -1.185702500083987943e+01
-1.141637674639348887e+01 -2.664591160633055900e+00 -1.311090181162319368e+01
-1.134311209792843123e+01 -2.645113500500757109e+00 -1.428989408159783636e+01
-1.120871055136629124e+01 -2.605540644185500909e+00 -1.539440333619616119e+01
-1.101727566950542148e+01 -2.548463753579418345e+00 -1.642490402595564092e+01
-1.077307691931154743e+01 -2.476272789305561606e+00 -1.738193908299584223e+01
-1.048050379939854437e+01 -2.391169448865888114e+00 -1.826609230165760067e+01
-1.014400020349470921e+01 -2.295168660279605088e+00 -1.907795982544012148e+01
-9.768049773055730967e+00 -2.190104644892821639e+00 -1.981814463666484016e+01
-9.357123173477418732e+00 -2.077643989596072327e+00 -2.048723258035485273e+01
-8.915647178930566241e+00 -1.959287556752463244e+00 -2.108579060115542703e+01
-8.447980552409644517e+00 -1.836383005866322193e+00 -2.161434656392140852e+01
-7.958385526800707765e+00 -1.710133388603035431e+00 -2.207339089961640255e+01
-7.451003991628239120e+00 -1.581602876267224067e+00 -2.246336349412104028e+01
-6.929847165616848770e+00 -1.451729113849832942e+00 -2.278464152572096069e+01
-6.398765732333262513e+00 -1.321325538393932408e+00 -2.303756484274600425e+01
-5.861448871263352345e+00 -1.191097251578878691e+00 -2.322241381103241764e+01
-5.321406209755626726e+00 -1.061642686188568163e+00 -2.333942163449024321e+01
-4.781962547228167715e+00 -9.334666860497391472e-01 -2.338875574781454247e+01
-4.246247190475934907e+00 -8.069846094142822945e-01 -2.337054374064288709e+01
-3.717193411033342443e+00 -6.825332540799211589e-01 -2.328487347757323889e+01
-3.197532208370573947e+00 -5.603767032433617512e-01 -2.313178897362935160e+01
-2.689790411557498651e+00 -4.407168593027324666e-01 -2.291129075225423506e+01
-2.196293918568513526e+00 -3.236981538285370052e-01 -2.262336576201509075e+01
-1.719162870516584896e+00 -2.094179615729094834e-01 -2.226796693819755646e+01
-1.260317245924562179e+00 -9.793332771849873331e-02 -2.184502528416950184e+01
-8.214779266335106023e-01 1.073124110503623045e-02 -2.135446500684505011e+01
-4.041688366306825375e-01 1.165759582624320001e-01 -2.079617693375302423e+01
-9.723111119094976496e-03 2.196192791307605419e-01 -2.017006378988296333e+01
3.607137292602978773e-01 3.198904100530671202e-01 -1.947600980617456656e+01
7.061787966147323736e-01 4.174229530533302146e-01 -1.871390800089374551e+01
1.025916314909688154e+00 5.121924490711290412e-01 -1.788718961272936525e+01
1.319398695583154257e+00 6.040332851237133482e-01 -1.700317024576607494e+01
1.586313414887573714e+00 6.926423951912650256e-01 -1.607013178881464910e+01
1.826550388928820379e+00 7.776130280297679498e-01 -1.509617464746604831e+01
2.040190098693653642e+00 8.584599786419570000e-01 -1.408918982476242299e+01
2.227498100541327908e+00 9.346453437868029734e-01 -1.305683655265710286e+01
2.388910680130371222e+00 1.005603068906535613e+00 -1.200650965923417068e+01
2.525024128645754651e+00 1.070764062100522773e+00 -1.094531488287873700e+01
2.636578756253285860e+00 1.129576578666264819e+00 -9.880034828356121679e+00
2.724447171043673510e+00 1.181527519407284954e+00 -8.817121952387147132e+00
2.789616494362952004e+00 1.226158997600995004e+00 -7.762670265651491874e+00
2.833171333779032519e+00 1.263082841067126649e+00 -6.722396018508893789e+00
2.856277665037228797e+00 1.291992079625795986e+00 -5.701632980222592018e+00
2.860167657336417424e+00 1.312670256055629370e+00 -4.705310202747077675e+00
2.846119852867158961e+00 1.324994695189818827e+00 -3.737949982982895047e+00
2.815447842076472362e+00 1.328942295857919786e+00 -2.803657714450479066e+00
2.769481038083545954e+00 1.324585925168600298e+00 -1.906120876117248786e+00
2.709552781951257483e+00 1.312095475596229077e+00 -1.048603964718597181e+00
2.636990061674211905e+00 1.291729386995599249e+00 -2.339548299612393967e-01
2.553099543387511883e+00 1.263831792648350882e+00 5.353929437915836420e-01
2.459162266966798072e+00 1.228822585539640411e+00 1.257413100468981471e+00
2.356419241501557238e+00 1.187190288996480936e+00 1.930476755116527832e+00
2.246072024469323747e+00 1.139479339438387973e+00 2.553342740982186498e+00
2.129273714456040967e+00 1.086281919528602202e+00 3.125140989974726224e+00
2.007128572404892619e+00 1.028227031597199748e+00 3.645360746930377260e+00
1.880685425063310712e+00 9.659710127487354248e-01 4.113830565780156157e+00
1.750939842935963275e+00 9.001852628976309001e-01 4.530703467605493806e+00
1.618832374768919280e+00 8.315485610108755976e-01 4.896434122460141758e+00
1.485247873676806440e+00 7.607362508845098015e-01 5.211761906467744510e+00
1.351016576117209267e+00 6.884129202711688489e-01 5.477687200804287393e+00
1.216916414507679622e+00 6.152240296152486909e-01 5.695452728563001443e+00
1.083672002765466269e+00 5.417895379852672999e-01 5.866521794616568641e+00
9.519568892240388713e-01 4.686984644592508964e-01 5.992552977775032375e+00
8.223962726195244155e-01 3.965026997177844015e-01 6.075381268045934036e+00
6.955670877335985436e-01 3.257137289960207460e-01 6.116998938347297354e+00
5.719984583452476512e-01 2.567992639495461082e-01 6.119527842884274982e+00
4.521752402755354061e-01 1.901808401696387651e-01 6.085207579649573262e+00
3.365374250023154823e-01 1.262321665599952514e-01 6.016364049983857321e+00
2.254816082706695146e-01 6.527864748444053844e-02 5.915405737991888735e+00
1.193615563315331002e-01 7.597080322655117880e-03 5.784786062085101932e+00
1.848944680517923891e-02 -4.658371766990525298e-02 5.626998727859919391e+00
-7.686382606048260124e-02 -9.708172604313851373e-02 5.444558230298471635e+00
-1.664679941154867671e-01 -1.437600781807499839e-01 5.239980990110853831e+00
-2.501325739305222950e-01 -1.865249533238334256e-01 5.015768655254459141e+00
-3.277066606610591903e-01 -2.253230003287694239e-01 4.774401845244423015e+00
-3.990776493878926412e-01 -2.601389686190258566e-01 4.518315448154754499e+00
-4.641709598671851511e-01 -2.909920423660373734e-01 4.249894946846399790e+00
-5.229487088597594147e-01 -3.179333354391115085e-01 3.971459326721471950e+00
-5.754089858051952833e-01 -3.410423137286902606e-01 3.685256754598376538e+00
-6.215845707073371917e-01 -3.604233937427966383e-01 3.393451264925551047e+00
-6.615414564651592721e-01 -3.762028408463847784e-01 3.098115122684153011e+00
-6.953770004629137302e-01 -3.885258587645158967e-01 2.801221567805706414e+00
-7.232194996043121993e-01 -3.975526463967880009e-01 2.504641069755783711e+00
-7.452247988931127720e-01 -4.034562635348703519e-01 2.210132264961224724e+00
-7.615758843273314760e-01 -4.064192005578020073e-01 1.919341021167972894e+00
-7.724788883102668979e-01 -4.066311893857191273e-01 1.633793585023615824e+00
-7.781624813487949544e-01 -4.042863188929958218e-01 1.354899444099157524e+00
-7.788749572998274751e-01 -3.995814450951195584e-01 1.083945232905985101e+00
-7.748816407994617572e-01 -3.927138483965650351e-01 8.220956976461034627e-01
-7.664631733072118092e-01 -3.838793690324276975e-01 5.703942390501571813e-01
-7.539120702335102564e-01 -3.732713273634155615e-01 3.297630159932531946e-01
-7.375313448331478616e-01 -3.610790858276594628e-01 1.010045531459319301e-01
-7.176311299790496534e-01 -3.474867374105596318e-01 -1.151959215905156014e-01
-6.945272178479414693e-01 -3.326726253894898844e-01 -3.182679495861958086e-01
-6.685379416734706925e-01 -3.168083367486162483e-01 -5.077526400276325402e-01
-6.399824344051887604e-01 -3.000581973081927201e-01 -6.832988125988436190e-01
-6.091785448946607229e-01 -2.825792083135076349e-01 -8.446587705281917158e-01
-5.764406180349802566e-01 -2.645204587504436100e-01 -9.916840551438186324e-01
-5.420779384351102070e-01 -2.460229476209951638e-01 -1.124320688544687252e+00
-5.063924721446334543e-01 -2.272198229359545518e-01 -1.242603429272719273e+00
-4.696776206015348398e-01 -2.082361192208151968e-01 -1.346650801340016912e+00
-4.322167634159430616e-01 -1.891889515277410394e-01 -1.436659741879300567e+00
-3.942820817285024870e-01 -1.701877528084625724e-01 -1.512899507198286031e+00
-3.561332626186931583e-01 -1.513341698569208027e-01 -1.575706721419592782e+00
-3.180162126120774091e-01 -1.327224224012290010e-01 -1.625477827133095410e+00
-2.801627294194843354e-01 -1.144394683304385124e-01 -1.662664920484819397e+00
-2.427897475993032739e-01 -9.656512930039572173e-02 -1.687769124321541803e+00
-2.060984559213388523e-01 -7.917239537133541338e-02 -1.701334971316655231e+00
-1.702741467000632725e-01 -6.232756037083514444e-02 -1.703944189606410697e+00
-1.354860533347234386e-01 -4.609039100413697687e-02 -1.696211304839823075e+00
-1.018868979298066663e-01 -3.051431647648235670e-02 -1.678776394322792687e+00
-6.961309529988683742e-02 -1.564663049963666702e-02 -1.652301254758411497e+00
-3.878481639032273914e-02 -1.528626737525489191e-03 -1.617463294549476460e+00
-9.506157839673720633e-03 1.180424149173629061e-02 -1.574951554350993099e+00
1.813453746404082578e-02 2.432221426635348266e-02 -1.525460336403022810e+00
4.406430913852551340e-02 3.600106883185950901e-02 -1.469687003409245074e+00
6.822512011578397984e-02 4.682197020527716774e-02 -1.408325434446557667e+00
9.057329374551899293e-02 5.677132823230823105e-02 -1.342063556475289632e+00
1.110789554164789278e-01 6.584063143164950449e-02 -1.271579204604750712e+00
1.297252903485043851e-01 7.402634755374680464e-02 -1.197536051627160036e+00
1.465080346099029984e-01 8.132960491038010442e-02 -1.120581781920437114e+00
1.614345129368607856e-01 8.775616270490797788e-02 -1.041343448518240011e+00
1.745230435239634448e-01 9.331612268344581518e-02 -9.604264211769971693e-01
1.858020962334964721e-01 9.802380013465347708e-02 -8.784111644657636164e-01
1.953093723415071370e-01 1.018973727905349430e-01 -7.958514594324884728e-01
2.030912984205348326e-01 1.049588121597977292e-01 -7.132726268354020460e-01
2.092019207844675877e-01 1.072334575880496549e-01 -6.311699157550338946e-01
2.137021767628138891e-01 1.087499019327850952e-01 -5.500074701418703471e-01
2.166592010356011566e-01 1.095395815603305012e-01 -4.702169441894960555e-01
2.181454048157882297e-01 1.096366460672689169e-01 -3.921969683361271608e-01
2.182377903301157829e-01 1.090774878750383203e-01 -3.163131162273354891e-01
2.170172268725864828e-01 1.079005690074533313e-01 -2.428969361040478614e-01
2.145676104620500013e-01 1.061460255382472295e-01 -1.722461290006457035e-01
2.109752815621430133e-01 1.038554770529019899e-01 -1.046249099711186320e-01
2.063282967846841731e-01 1.010715507414419179e-01 -4.026410586818043869e-02
2.007158356147459022e-01 9.783775882563186532e-02 2.063821151252959521e-02
1.942276274771548572e-01 9.419803263243513303e-02 7.791605283656644065e-02
1.869532709234378032e-01 9.019650700663825460e-02 1.314346652625804079e-01
1.789818069012544532e-01 8.587725730461578943e-02 1.810895460343913133e-01
1.704012393784454515e-01 8.128393672883815757e-02 2.268053237473431627e-01
1.612979871461130699e-01 7.645964261047637212e-02 2.685345857619619858e-01
1.517565776061060578e-01 7.144653257730070040e-02 3.062565249280606028e-01
1.418591722693444412e-01 6.628571905689686905e-02 3.399755092692453018e-01
1.316852466206883399e-01 6.101697013934154201e-02 3.697196521688861370e-01
1.213113703411007882e-01 5.567857041928918338e-02 3.955393245976387973e-01
1.108107625746443808e-01 5.030714067163525455e-02 4.175054503940607287e-01
1.002532316171563381e-01 4.493746310341341366e-02 4.357080292514168285e-01
8.970481562796800423e-02 3.960235928933161093e-02 4.502542630776160681e-01
7.922774829450592027e-02 3.433259937341542889e-02 4.612671998449621169e-01
6.888025518394050306e-02 2.915682479304708766e-02 4.688843976124195123e-01
5.871641285885933342e-02 2.410142608365939063e-02 4.732550415547669420e-01
4.878612145505552278e-02 1.919055020292858085e-02 4.745398663686437035e-01
3.913507241865433334e-02 1.444603788346384733e-02 4.729085493341088631e-01
2.980464536710651646e-02 9.887420260330650329e-03 4.685385556663615447e-01
2.083196730715213343e-02 5.531931886702593643e-03 4.616134916128969978e-01
1.224994424365244416e-02 1.394525283008094798e-03 4.523219908133389033e-01
4.087281951124937390e-03 -2.512090590899069067e-03 4.408556482693493095e-01
-3.631438004835074035e-03 -6.177398913749226200e-03 4.274082250551967666e-01
-1.088565628152319067e-02 -9.593010608986936305e-03 4.121741713089875359e-01
-1.765874177524246608e-02 -1.275259741482673813e-02 3.953475139273258665e-01
-2.393786765753520493e-02 -1.565179563106760055e-02 3.771206378827857142e-01
-2.971385601131126472e-02 -1.828813597401477906e-02 3.576832975545923277e-01
-3.498104342604822781e-02 -2.066091556302888238e-02 3.372215646599875383e-01
-3.973710768793232290e-02 -2.277111391980777763e-02 3.159168567400846839e-01
-4.398290355819383518e-02 -2.462128846873468460e-02 2.939452320550766662e-01
-4.772226767727882207e-02 -2.621542498132211144e-02 2.714766508570838344e-01
-5.096183337287459730e-02 -2.755889024122063630e-02 2.486743180190875979e-01
-5.371084999118534015e-02 -2.865821649080605577e-02 2.256939875052504929e-01
-5.598092605031795843e-02 -2.952109359545044068e-02 2.026834925061292147e-01
-5.778588725531979414e-02 -3.015616541004558296e-02 1.797823557471310008e-01
-5.914155357620204390e-02 -3.057295724819035845e-02 1.571214395681281573e-01
-6.006552926631350542e-02 -3.078176767531973224e-02 1.348226277048236998e-01
-6.057697267359369447e-02 -3.079353508691885441e-02 1.129986586219454692e-01
-6.069643603836225032e-02 -3.061973198650966288e-02 9.175293808950278629e-02
-6.044566525264759987e-02 -3.027228060924111799e-02 7.117943149133798553e-02
-5.984735693636722420e-02 -2.976342302555345237e-02 5.136267028359318976e-02
-5.892495146551995910e-02 -2.910567576923240793e-02 3.237778987769079214e-02
-5.770258527405223298e-02 -2.831167216307169457e-02 1.429064436756817720e-02
-5.620474754839469705e-02 -2.739412889606931273e-02 -2.842098360067249387e-03
-5.445621229238474525e-02 -2.636574852544210090e-02 -1.897272483707959298e-02
-5.248182335255660580e-02 -2.523914099605199107e-02 -3.406227636571021455e-02
-5.030635490764653883e-02 -2.402676915662154897e-02 -4.808026125282456598e-02
-4.795439958258683466e-02 -2.274085472637004182e-02 -6.100435782271663304e-02
-4.545018059084143802e-02 -2.139333970288062256e-02 -7.282009078654480549e-02
-4.281744556997831019e-02 -1.999585131959976878e-02 -8.352044081831792866e-02
-4.007937595682677795e-02 -1.855960554914136765e-02 -9.310546616826587130e-02
-3.725842170063442538e-02 -1.709541228992109835e-02 -1.015819239941296859e-01
-3.437627759037693159e-02 -1.561359887982323794e-02 -1.089627874411354114e-01
-3.145373999508895707e-02 -1.412401017117865046e-02 -1.152668725525345800e-01
-2.851066513543693698e-02 -1.263595759636777956e-02 -1.205183300946387620e-01
-2.556589362144016248e-02 -1.115819716762073664e-02 -1.247462690398282725e-01
-2.263717435906677580e-02 -9.698931390516238316e-03 -1.279841779317124340e-01
-1.974116578234783731e-02 -8.265765815538712522e-03 -1.302696469303631921e-01
-1.689335905533334917e-02 -6.865718681788640122e-03 -1.316436995880198579e-01
-1.410806482139763049e-02 -5.505207215309872171e-03 -1.321505447273457756e-01
-1.139839566220931730e-02 -4.190047400338103509e-03 -1.318369890957795387e-01
-8.776254613789346432e-03 -2.925451909582486507e-03 -1.307520793533188397e-01
-6.252335808445789837e-03 -1.716036799596403839e-03 -1.289466523908331108e-01
-3.836124683856953054e-03 -5.658269615998298870e-04 -1.264729387393438431e-01
-1.535913690136159453e-03 5.217321171814878322e-04 -1.233841867520695662e-01
6.411777484676800228e-04 1.543761777046571667e-03 -1.197342545507042305e-01
2.689180535922758644e-03 2.497935295845973760e-03 -1.155772552802053349e-01
4.603244882468376410e-03 3.382459540503540349e-03 -1.109671908242505778e-01
6.379605946457276265e-03 4.196055889303806560e-03 -1.059577348029932115e-01
8.015541122153784642e-03 4.937938776754729336e-03 -1.006018616515387126e-01
9.509325415453734678e-03 5.607790536488835645e-03 -9.495153204722218965e-02
1.086019272075079006e-02 6.205740876781665021e-03 -8.905751203572857821e-02
1.206827533306605374e-02 6.732335559892124732e-03 -8.296910464083712133e-02
1.313454985694179587e-02 7.188514886669210291e-03 -7.673392936161288480e-02
1.406079636100443682e-02 7.575582980854657887e-03 -7.039775733446783368e-02
1.484952659838694594e-02 7.895182875528785477e-03 -6.400434640532104424e-02
1.550392619699022222e-02 8.149260719919051640e-03 -5.759525397679066822e-02
1.602781523216632170e-02 8.340046562137432354e-03 -5.120977512577307850e-02
1.642557067360704212e-02 8.470018402909911329e-03 -4.488477989953391228e-02
1.670206659003607014e-02 8.541875320551102144e-03 -3.865465684679018216e-02
1.686263350148184750e-02 8.558512163314371465e-03 -3.255127192419621923e-02
1.691298048128828460e-02 8.522985828384484555e-03 -2.660387269329061652e-02
1.685915013587553982e-02 8.438491423285288118e-03 -2.083910545044080284e-02
1.670746356248920678e-02 8.308336687294288689e-03 -1.528098974482605503e-02
1.646445854117102592e-02 8.135912147656758700e-03 -9.950927030523706862e-03
1.613684816874292119e-02 7.924667861685476267e-03 -4.867725019221520039e-03
1.573146417590720603e-02 7.678090920455724055e-03 -4.762788241649245215e-05
1.525520694744752874e-02 7.399681214591637829e-03 4.495628141049584983e-03
1.471500724144892726e-02 7.092929643312406371e-03 8.750755178884406238e-03
1.411777625894326121e-02 6.761297107225149212e-03 1.270883664468998656e-02
1.347037407275276759e-02 6.408197214767652472e-03 1.636325077471219996e-02
1.277955889434355397e-02 6.036976869076135163e-03 1.970957123096525251e-02
1.205196386215818746e-02 5.650899755715247351e-03 2.274547676463753096e-02
1.129406049547513127e-02 5.253133148210693826e-03 2.547063007873049192e-02
1.051212798414304095e-02 4.846733041170400193e-03 2.788658208046136330e-02
9.712226322131796083e-03 4.434632202799104750e-03 2.999664359088929574e-02
8.900180323087624953e-03 4.019629485182692891e-03 3.180575978791972541e-02
8.081545827195602688e-03 3.604380815941160467e-03 3.332040514855470065e-02
7.261601394293643215e-03 3.191391455996874394e-03 3.454844209331735944e-02
6.445330478641648868e-03 2.783009321938094156e-03 3.549899440140671242e-02
5.637407344993956675e-03 2.381420414978276112e-03 3.618231929523899049e-02
4.842187140156117148e-03 1.988643234376839559e-03 3.660969266983242487e-02
4.063698452653271773e-03 1.606528114765500568e-03 3.679326765559404883e-02
3.305639193409003630e-03 1.236754819817969869e-03 3.674597121498213853e-02
2.571370797018569972e-03 8.808320356011125653e-04 3.648135404812026528e-02
1.863920954913536512e-03 5.400986649340456820e-04 3.601349385916920165e-02
1.185982169027281026e-03 2.157251691499935983e-04 3.535688528300574840e-02
5.399158183410257723e-04 -9.128359498874771035e-05 3.452630980225666196e-02
-7.224298962522176691e-05 -3.800851007857688948e-04 3.353673701691267661e-02
-6.487791424528733262e-04 -6.499948306077437017e-04 3.240324264753092348e-02
-1.188289025774201708e-03 -9.004811836831003733e-04 3.114088627747950075e-02
-1.689671615161971721e-03 -1.131159706938790997e-03 2.976463281292341528e-02
-2.152116823116739189e-03 -1.341787575978188639e-03 2.828928037950823038e-02
-2.575094704120011423e-03 -1.532255970919828639e-03 2.672934859042308542e-02
-2.958340813567023053e-03 -1.702583489965261857e-03 2.509904852485048479e-02
-3.301844606659581904e-03 -1.852908673238508460e-03 2.341219100950963847e-02
-3.605833805109112753e-03 -1.983482005141722938e-03 2.168212658469864662e-02
-3.870759475084093685e-03 -2.094658126322081378e-03 1.992170047946865280e-02
-4.097280430070444554e-03 -2.186887943759078471e-03 1.814319816908873187e-02
-4.286248048426271988e-03 -2.260709390464576106e-03 1.635830978732950858e-02
-4.438688794500775595e-03 -2.316740274629107074e-03 1.457808996987324315e-02
-4.555789655279517472e-03 -2.355669467500800997e-03 1.281293081883983810e-02
-4.638879821177172534e-03 -2.378248514405253543e-03 1.107253487224661888e-02
-4.689417365708852502e-03 -2.385283879611735641e-03 9.365901767775967196e-03
-4.708970501998323809e-03 -2.377628154796542024e-03 7.701309070781220227e-03
-4.699202170561572224e-03 -2.356173151946802397e-03 6.086306442666090943e-03
-4.661857124710347237e-03 -2.321841752781890044e-03 4.527713144417973290e-03
-4.598743593192973662e-03 -2.275581224016151160e-03 3.031619500643922740e-03
-4.511720776026613942e-03 -2.218355288452245576e-03 1.603390447822688547e-03
-4.402683836159583530e-03 -2.151137869858896299e-03 2.476764820176830429e-04
-4.273550973010189005e-03 -2.074906634518963473e-03 -1.031573934573939326e-03
-4.126251744505095645e-03 -1.990636954501591969e-03 -2.231096652295411816e-03
-3.962711218497517660e-03 -1.899295666405628660e-03 -3.348293279150001741e-03
-3.784842460404619444e-03 -1.801836500907266856e-03 -4.381207311351667348e-03
-3.594534850921222730e-03 -1.699195410577671603e-03 -5.328499222062746225e-03
-3.393643028357610104e-03 -1.592284857409559167e-03 -6.189419570292037376e-03
-3.183978123368220656e-03 -1.481990394363390555e-03 -6.963779192275977928e-03
-2.967300661155879583e-03 -1.369166830432658188e-03 -7.651920018592479542e-03
-2.745310962411312908e-03 -1.254635021489680299e-03 -8.254675469617743511e-03
-2.519644338989563120e-03 -1.139178659960954831e-03 -8.773347109854320869e-03
-2.291863163310961862e-03 -1.023541897973238076e-03 -9.209663376657741332e-03
-2.063453315935476814e-03 -9.084272815324249311e-04 -9.565746230099803765e-03
-1.835818966386429125e-03 -7.944937352859724735e-04 -9.844077803071544716e-03
-1.610278605586074920e-03 -6.823551709920960742e-04 -1.004745954777074186e-02
-1.388062746870620708e-03 -5.725794585340275144e-04 -1.017898388883990354e-02
-1.170310898518320004e-03 -4.656877598419209932e-04 -1.024199753899581421e-02
-9.580706216305663516e-04 -3.621539129466566274e-04 -1.024005814465986201e-02
-7.522960680941465951e-04 -2.624044910936471292e-04 -1.017691344325187715e-02
-5.538478221638816782e-04 -1.668189383044533960e-04 -1.005645957641521267e-02
-3.634929514498827833e-04 -7.572990486487994404e-05 -9.882714410964353602e-03
-1.819062181906170661e-04 1.057591576771614937e-05 -9.659781688387282170e-03
-9.670916749441657912e-06 9.185693533135188974e-05 -9.391823511903162752e-03
1.527192264923927113e-04 1.679155160500993890e-04 -9.083033667188579463e-03
3.048578041867496479e-04 2.385966152172577705e-04 -8.737609275463121411e-03
4.464231659593713452e-04 3.037862826134669794e-04 -8.359724113976396698e-03
5.771754814325925518e-04 3.634099340342473289e-04 -7.953506938942207782e-03
6.969535489806789972e-04 4.174306172688910504e-04 -7.523018974573049238e-03
8.056711190188076046e-04 4.658470114806880099e-04 -7.072235570794252642e-03
9.033130869298576157e-04 5.086912966058324773e-04 -6.605020773836445952e-03
9.899315818153199813e-04 5.460273614480069771e-04 -6.125118155089347323e-03
1.065641742583383657e-03 5.779481259694023388e-04 -5.636130384024561762e-03
1.130617598459418517e-03 6.045738012760489433e-04 -5.141507972418716751e-03
1.185087167978533459e-03 6.260492895716182529e-04 -4.644535934056257670e-03
1.229328287754837988e-03 6.425419484087764805e-04 -4.148325863821924163e-03
1.263664337295882477e-03 6.542395108640489077e-04 -3.655805098551065564e-03
1.288459234519113159e-03 6.613473798335920513e-04 -3.169711088828064665e-03
1.304113161138848549e-03 6.640868598069983152e-04 -2.692584728559927268e-03
1.311057871423670657e-03 6.626925542480237687e-04 -2.226767227988108583e-03
1.309752730826717467e-03 6.574104398498308022e-04 -1.774397820465571608e-03
1.300679816881919861e-03 6.484955754669491758e-04 -1.337412302970121926e-03
1.284340166803113557e-03 6.362100710353173942e-04 -9.175425146182110327e-04
1.261249400021864035e-03 6.208212123156504371e-04 -5.163188375684090370e-04
1.231933966248758248e-03 6.025995851658854686e-04 -1.350716557516914269e-04
1.196927289533141359e-03 5.818170430540279972e-04 2.250645808764829261e-04
1.156766225147895380e-03 5.587452474165264258e-04 5.631471878245421139e-04
1.111987620842724714e-03 5.336539471396014840e-04 8.784196184390663086e-04
1.063125190873183195e-03 5.068093620095283575e-04 1.170305732022514610e-03
1.010706285897740265e-03 4.784731391521705648e-04 1.438402290162708831e-03
9.552492882609445483e-04 4.489008403385114109e-04 1.682471348809178426e-03
8.972609030905594587e-04 4.183404291939745324e-04 1.902433067194570036e-03
8.372338662884799138e-04 3.870317484432511971e-04 2.098356223864020643e-03
7.756448609525390002e-04 3.552053457671935617e-04 2.270449983320822242e-03
7.129524858918201468e-04 3.230816123559404423e-04 2.419053682452538927e-03
6.495954846389367194e-04 2.908699736422240513e-04 2.544628180234737892e-03
5.859915476225158095e-04 2.587684188353122847e-04 2.647745644100069247e-03
5.225356973983815269e-04 2.269629003106297179e-04 2.729079753171532660e-03
4.595994033461230912e-04 1.956268243131030872e-04 2.789395484594256718e-03
3.975295660046656437e-04 1.649208805438372399e-04 2.829540775819247133e-03
3.366480484990289502e-04 1.349927416128061160e-04 2.850434643382900122e-03
2.772510775971443733e-04 1.059769515635920853e-04 2.853058845173630197e-03
2.196089573565571909e-04 7.799477547052156314e-05 2.838448083607581288e-03
1.639659390173703367e-04 5.115438464793036752e-05 2.807680625684542269e-03
1.105402732135788449e-04 2.555089545631029533e-05 2.761869756808677922e-03
5.952437285264836124e-05 1.266510423520500346e-06 2.702154609290243707e-03
1.108515343179853812e-05 -2.162918010020005877e-05 2.629692241497593938e-03
-3.463547362176871264e-05 -4.307891042667420485e-05 2.545649717016418984e-03
-7.752004414737986035e-05 -6.303735746575496717e-05 2.451195766935698739e-03
-1.174748281532497735e-04 -8.147075654329305027e-05 2.347494744992120828e-03
-1.544290402115732559e-04 -9.835639257711730344e-05 2.235699123638671196e-03
-1.883338968004082950e-04 -1.136821453457024741e-04 2.116944074531801247e-03
-2.191617241434741048e-04 -1.274459288745069443e-04 1.992340381502263804e-03
-2.469048055028853056e-04 -1.396551373096976056e-04 1.862970688589456105e-03
-2.715743782942007189e-04 -1.503260386771942568e-04 1.729883351015871736e-03
-2.931993836686417340e-04 -1.594831881822468891e-04 1.594089621224077311e-03
-3.118254636144254994e-04 -1.671587894129185120e-04 1.456557812529741440e-03
-3.275134760213810380e-04 -1.733920685902034999e-04 1.318211631599371884e-03
-3.403383484474063248e-04 -1.782286488507464628e-04 1.179926218085303917e-03
