2.997726737310068046e+01 4.503727207297836088e+01 6.003489425980941974e+01
2.984812222762105804e+01 4.518647704389044861e+01 6.017282288054073547e+01
2.969402524629064288e+01 4.527430354192744488e+01 6.024896180307280957e+01
2.951588575526731617e+01 4.530138225278854947e+01 6.026230443054959096e+01
2.931431311198131340e+01 4.526824251584318404e+01 6.021204937524060341e+01
2.908962234510608269e+01 4.517528268848782602e+01 6.009764103974351457e+01
2.884225367311779209e+01 4.502278995007310414e+01 5.991878927115495657e+01
2.857380682842376629e+01 4.481098725818414863e+01 5.967536113170392298e+01
2.828632325662778157e+01 4.454002946559016607e+01 5.936748061009402022e+01
2.798143063490638838e+01 4.420999246766682234e+01 5.899541063326017820e+01
2.766036310412016519e+01 4.382093383906627793e+01 5.855959537059947451e+01
2.732408796506340565e+01 4.337292743759385161e+01 5.806060068908981009e+01
2.697322569184747110e+01 4.286601168126539108e+01 5.749913324554137262e+01
2.660812450027822607e+01 4.230028022488971118e+01 5.687591870796130422e+01
2.622889547920089726e+01 4.167580440579381218e+01 5.619182683111658605e+01
2.583545981083913645e+01 4.099271490810896523e+01 5.544772716051875960e+01
2.542756820561800168e+01 4.025123914194083596e+01 5.464446904035329311e+01
2.500485504255739855e+01 3.945169891296193754e+01 5.378288572221925534e+01
2.456682496456111764e+01 3.859452592281514427e+01 5.286373055240938612e+01
2.411296452850352168e+01 3.768033686151209594e+01 5.188764775434657395e+01
2.364273164272807293e+01 3.670996052806203380e+01 5.085515942048874649e+01
2.315551783275221354e+01 3.568436206006065703e+01 4.976664097882083126e+01
2.265059555211094988e+01 3.460475821787125028e+01 4.862235030189306428e+01
2.212736980299877132e+01 3.347266949153001292e+01 4.742228643981867720e+01
2.158531495599920902e+01 3.228993910605722562e+01 4.616626875856631074e+01
2.102386214145293408e+01 3.105870767396249832e+01 4.485392067905777935e+01
2.044247556815036759e+01 2.978142814866881594e+01 4.348462780845832043e+01
1.984070622068194112e+01 2.846095730926550971e+01 4.205761022002507588e+01
1.921805779977702144e+01 2.710051864020183388e+01 4.057183175242382589e+01
1.857211864353851638e+01 2.570512086451723732e+01 3.903041314241632165e+01
1.789915473503782195e+01 2.428147570525871757e+01 3.744052399267724240e+01
1.719569769059467745e+01 2.283703042299974939e+01 3.581014857079778579e+01
1.645916825367404712e+01 2.137960745301171173e+01 3.414702157107728198e+01
1.568804347914010577e+01 1.991730595395176096e+01 3.245865304448452804e+01
1.488176965270113072e+01 1.845837975823162935e+01 3.075237253991737418e+01
1.404086496574527487e+01 1.701105837681037158e+01 2.903537311997620307e+01
1.316685399573739801e+01 1.558348105502739855e+01 2.731470580503551560e+01
1.226224062055007025e+01 1.418349154833582304e+01 2.559723430270931388e+01
1.133043285880616757e+01 1.281852517240540834e+01 2.388969757267055982e+01
1.037577387628828873e+01 1.149546240652358620e+01 2.219863276787883422e+01
9.403365863866589791e+00 1.022050601951399251e+01 2.053046733496694642e+01
8.418937675160902856e+00 8.999117981807543742e+00 1.889143625240414792e+01
7.428760503940700310e+00 7.835939059535022011e+00 1.728753152219951161e+01
6.439473224111014638e+00 6.734680041503406933e+00 1.572450810508250463e+01
5.457962422378527023e+00 5.698193275828276505e+00 1.420780390352760492e+01
4.491275478935761178e+00 4.728334806459206341e+00 1.274117360905874285e+01
3.546436853624598484e+00 3.826058603010657144e+00 1.132646380481747350e+01
2.630046404208271404e+00 2.991549479668315303e+00 9.965134116639152495e+00
1.748071866729619561e+00 2.224327766413870311e+00 8.658856081370407409e+00
9.058831365856134799e-01 1.523376715988579155e+00 7.409434905273490912e+00
1.082419591868146180e-01 8.871884832809162624e-01 6.218728470182287360e+00
-6.407380105712442431e-01 3.138174035629913150e-01 5.088590538308262801e+00
-1.337616941305301621e+00 -1.990922607516556198e-01 4.020802696855517944e+00
-1.979628978192811584e+00 -6.541849961578979356e-01 3.017033444612586823e+00
-2.564704449054757252e+00 -1.054316242733459807e+00 2.078804329769472048e+00
-3.091423000409068145e+00 -1.402539973979842092e+00 1.207463617544807022e+00
-3.558991904368058456e+00 -1.702043128363260882e+00 4.041707398430043896e-01
-3.967247496629457082e+00 -1.956054127932007392e+00 -3.301069155788667886e-01
-4.316603911141605465e+00 -2.167828784739213699e+00 -9.945936371773970164e-01
-4.608032996031292683e+00 -2.340611405490056640e+00 -1.588699071740604207e+00
-4.843004577472736827e+00 -2.477591353953075615e+00 -2.112003430819204830e+00
-5.023402077848238001e+00 -2.581869445333034196e+00 -2.564243280054614438e+00
-5.151500362582872583e+00 -2.656474603608049989e+00 -2.945292696333300153e+00
-5.229983581979147367e+00 -2.704156706526166687e+00 -3.256150613414831696e+00
-5.261967111783528495e+00 -2.727320654995784022e+00 -3.500660409072610335e+00
-5.250925602364804767e+00 -2.728168305421360351e+00 -3.684164550906427582e+00
-5.200588190655194509e+00 -2.708792238581617884e+00 -3.812029846680989209e+00
-5.114860606205367866e+00 -2.671193104145081598e+00 -3.889553705977269793e+00
-4.997703877462956079e+00 -2.617300168099911950e+00 -3.921934283483934802e+00
-4.853114917984882482e+00 -2.548970889870683987e+00 -3.914231780140338124e+00
-4.685009051976125605e+00 -2.467960103197879285e+00 -3.871330532218792086e+00
-4.497149254057976719e+00 -2.375943950438470065e+00 -3.797929100622101206e+00
-4.293187459990317478e+00 -2.274551738098496312e+00 -3.698442318308558630e+00
-4.076583583786830722e+00 -2.165362997921295385e+00 -3.577017510115437560e+00
-3.850527036624133537e+00 -2.049825501827694296e+00 -3.437562099745716360e+00
-3.617966123589913874e+00 -1.929329327447123266e+00 -3.283692333921782502e+00
-3.381626387936354838e+00 -1.805188322161341397e+00 -3.118711364037602074e+00
-3.143943393522606211e+00 -1.678658200440999781e+00 -2.945614777541559093e+00
-2.907076959077345091e+00 -1.550901671405468640e+00 -2.767097683334010849e+00
-2.672949173290632974e+00 -1.422974654537588757e+00 -2.585613590616292257e+00
-2.443248781520455104e+00 -1.295888985880734978e+00 -2.403325178552262908e+00
-2.219432076458153436e+00 -1.170528678050448246e+00 -2.222089176250592324e+00
-2.002728033065162450e+00 -1.047684911063482938e+00 -2.043549338346882571e+00
-1.794122644511997100e+00 -9.280944002476776422e-01 -1.869122535019658526e+00
-1.594441537029643197e+00 -8.124150903634362875e-01 -1.699975487777985350e+00
-1.404310638915308607e+00 -7.011817455193364301e-01 -1.537084783844934632e+00
-1.224216351686741477e+00 -5.948495147862620236e-01 -1.381265389297713142e+00
-1.054463415618002387e+00 -4.937972694782756244e-01 -1.233125526538916716e+00
-8.952636365320429945e-01 -3.983122322782653435e-01 -1.093122568651839321e+00
-7.467263233689352964e-01 -3.085791527524165412e-01 -9.615870533945266585e-01
-6.088498651816600660e-01 -2.247537202644024068e-01 -8.387341098358557234e-01
-4.815382632832295173e-01 -1.469371764930912094e-01 -7.246363131445701100e-01
-3.645954101899752109e-01 -7.514858153980412403e-02 -6.192791639420460736e-01
-2.577702756960142949e-01 -9.358149612158585609e-03 -5.225934532001696997e-01
-1.607831810101262304e-01 5.052799397971596135e-02 -4.344134083248085698e-01
-7.330160897395192332e-02 1.046605984636304332e-01 -3.545306310910156800e-01
5.047667803465798707e-03 1.531758658135849716e-01 -2.826760161660092363e-01
7.468419102768261708e-02 1.962700068651991314e-01 -2.184941108251139685e-01
1.360465735896951578e-01 2.341396573793511904e-01 -1.616541801015104196e-01
1.895506463212417447e-01 2.670179652216104205e-01 -1.118177376931146910e-01
2.356472459754231363e-01 2.951909199445902909e-01 -6.859657785333243829e-02
2.748083654721074076e-01 3.189318713308449960e-01 -3.158802912858715839e-02
3.074934715076855229e-01 3.385030665672589256e-01 -3.650724706927735799e-04
3.341593236732151029e-01 3.542046467359309392e-01 2.545308452892550491e-02
3.552524326999008664e-01 3.663084985260827153e-01 4.628128542878889862e-02
3.712395164079295151e-01 3.751021202602456972e-01 6.253255435795872230e-02
3.825712737585447165e-01 3.808794281597005504e-01 7.461921594641304778e-02
3.896462715909254637e-01 3.839079774491759856e-01 8.295294651005867548e-02
3.928622131995039291e-01 3.844706032723563816e-01 8.790184640988257803e-02
3.926256050658692431e-01 3.828437934577474944e-01 8.980846940989227478e-02
3.893246728624674691e-01 3.792928084700026292e-01 8.900932784813359033e-02
3.833183026974997243e-01 3.740269790960215612e-01 8.585321148868250984e-02
3.749731085733533642e-01 3.672882442760012633e-01 8.065855384847164800e-02
3.646016244451319999e-01 3.593105289381834377e-01 7.371453773679326194e-02
3.524821126478249744e-01 3.502932448240657082e-01 6.529518667947667443e-02
3.389205749764049869e-01 3.404361309637473632e-01 5.566140626952105486e-02
3.241828969360237567e-01 3.299091654502287474e-01 4.505333891385823047e-02
3.085303687662937500e-01 3.188828702685537753e-01 3.367387220874839410e-02
2.921903879952782446e-01 3.075227689378128848e-01 2.169881392711946883e-02
2.753570788952726667e-01 2.959593528646363714e-01 9.332416935002401520e-03
2.582103127184380842e-01 2.842948833884810789e-01 -3.219311798470078558e-03
2.409084712826604080e-01 2.726560877106975478e-01 -1.584762831221332366e-02
2.235826061103668438e-01 2.611443563291184211e-01 -2.841329602877376917e-02
2.063645823924155909e-01 2.498359931530300393e-01 -4.080499390480016308e-02
1.893990880452719738e-01 2.388150239347790749e-01 -5.293896025003166222e-02
1.728241690398829022e-01 2.281204756391099209e-01 -6.474240115884324909e-02
1.567317800530297067e-01 2.178011901317112309e-01 -7.614762308643671651e-02
1.411916322139783186e-01 2.079208619460169161e-01 -8.707573233379717337e-02
1.262494475632917612e-01 1.985221053412174752e-01 -9.746555732155307017e-02
1.119716630786175976e-01 1.896181982076195760e-01 -1.072998679856886350e-01
9.837388209660062610e-02 1.812287199846747132e-01 -1.165700102689680856e-01
8.548814335475936332e-02 1.733857210133146476e-01 -1.252613650420288938e-01
7.334259700770168200e-02 1.660974768048950612e-01 -1.333574095641670010e-01
6.195859617980433581e-02 1.593563293989844198e-01 -1.408568262518853642e-01
5.135163188164394710e-02 1.531665578753444723e-01 -1.477612440679554606e-01
4.153305374858348026e-02 1.475011711083897836e-01 -1.540741250589188482e-01
3.248989203807591680e-02 1.423492745834878392e-01 -1.597836457701242996e-01
2.420676694080737754e-02 1.377119801482326877e-01 -1.649434812515027382e-01
1.666305219382276798e-02 1.335614507217534053e-01 -1.695806792086879400e-01
9.844975436404211980e-03 1.298831735715247071e-01 -1.736852253605128682e-01
3.727542347733290434e-03 1.266863652185482303e-01 -1.772615132835963503e-01
-1.733109489627744637e-03 1.239321909787282350e-01 -1.803297520019623013e-01
-6.562875994242111516e-03 1.215833352888767149e-01 -1.829142103258859231e-01
-1.077937892905849598e-02 1.195872719401626511e-01 -1.850493733082893832e-01
-1.440765509717519682e-02 1.179230070618569187e-01 -1.867888922570620225e-01
-1.748471010220874200e-02 1.165900737679797239e-01 -1.881567180628956892e-01
-2.004865154801345126e-02 1.155498248423035140e-01 -1.891515311050218640e-01
-2.214563629213022605e-02 1.147726061330051756e-01 -1.897900314880527628e-01
-2.381340432070479587e-02 1.142513510269948934e-01 -1.901127580650078808e-01
-2.507212296286347522e-02 1.139958133847379373e-01 -1.901772076385055132e-01
-2.593102067629863422e-02 1.139893461531645835e-01 -1.900220230930868004e-01
-2.643635441656413954e-02 1.141731986721026409e-01 -1.896759277608706662e-01
-2.663597874631607257e-02 1.145146627256181660e-01 -1.892061058693769726e-01
-2.655618810943565986e-02 1.149771150905108258e-01 -1.886245507529583365e-01
-2.623300779786641446e-02 1.155317501649876927e-01 -1.879276070446828373e-01
-2.570683168026457327e-02 1.161852585737075394e-01 -1.871260759981872024e-01
-2.500414382873641234e-02 1.169505099074882037e-01 -1.862237456635388588e-01
-2.413464435662430324e-02 1.178015130796686849e-01 -1.852240832012712612e-01
-2.313694514477310921e-02 1.187210927518212306e-01 -1.841513726612977186e-01
-2.204555614514212489e-02 1.197134228049187288e-01 -1.830283201313117891e-01
-2.089143560379369893e-02 1.207652203549358649e-01 -1.818767534587787393e-01
-1.969535221091254021e-02 1.218572358059066552e-01 -1.807247785165551901e-01
-1.846370871815073214e-02 1.229731953161226632e-01 -1.795925639033554844e-01
-1.719749962042055672e-02 1.241000813246707357e-01 -1.784838982626264503e-01
-1.590732192292284436e-02 1.251988635657342308e-01 -1.773994120595490109e-01
-1.460538645572195468e-02 1.262476432462573128e-01 -1.763438221094728586e-01
-1.329909359490684222e-02 1.272492318956031376e-01 -1.753122253551588627e-01
-1.200307313118877811e-02 1.282208995407751184e-01 -1.742998663101197887e-01
-1.073758472834401498e-02 1.291619831055194345e-01 -1.733159820283652619e-01
-9.508683956452898198e-03 1.300643798372377036e-01 -1.723694000773682011e-01
-8.327807868624591964e-03 1.309315202748388418e-01 -1.714655897698764975e-01
-7.202932719552380784e-03 1.317420557173697437e-01 -1.705996401154114273e-01
-6.133793496783856471e-03 1.324825630364195317e-01 -1.697709945750929539e-01
-5.116153819519238082e-03 1.331684027827353400e-01 -1.690016831549618070e-01
-4.153073102684048945e-03 1.338102493935118265e-01 -1.683002231217754496e-01
-3.250460775723568868e-03 1.344091092070548166e-01 -1.676630974606688751e-01
-2.400357341476446176e-03 1.349611394958135924e-01 -1.670932684166786253e-01
-1.603370281192254389e-03 1.354645112701669263e-01 -1.665923710373835298e-01
-8.686123644693495007e-04 1.359198092200633035e-01 -1.661587550649040457e-01
-1.835625428119304293e-04 1.363200895639171406e-01 -1.657810248100962114e-01
4.631323042899067452e-04 1.366596247759263860e-01 -1.654538128040127232e-01
1.068271233434290104e-03 1.369430206683769080e-01 -1.651791282478917988e-01
1.632219095119381630e-03 1.371757982912821527e-01 -1.649724450451553470e-01
2.151384600466928459e-03 1.373630842716572487e-01 -1.648322905533689264e-01
2.622317914186599996e-03 1.375096051794255092e-01 -1.647472807177659537e-01
3.050777659624677104e-03 1.376173263238359146e-01 -1.647167948239897650e-01
3.441986374934503760e-03 1.376866529031109398e-01 -1.647482157185057305e-01
3.783529486404328158e-03 1.377145616762546765e-01 -1.648046823656677540e-01
4.071162241552254459e-03 1.377053815723205676e-01 -1.648636444992299388e-01
4.296348444470279339e-03 1.376597921486923115e-01 -1.649194087039896062e-01
4.469497045949340046e-03 1.375903986166415460e-01 -1.649667984583068070e-01
4.599189903747118863e-03 1.375066469525688118e-01 -1.650065714420050622e-01
4.694557623608039583e-03 1.374151805375920243e-01 -1.650478102184390339e-01
4.764529235405710536e-03 1.373198150228632231e-01 -1.650951814180876276e-01
4.810678992747316300e-03 1.372215752986525872e-01 -1.651503278628536353e-01
4.834367001762126040e-03 1.371219667933158970e-01 -1.652154791061738459e-01
4.837647426290226683e-03 1.370121953744378729e-01 -1.652895834465231972e-01
4.820575412107241248e-03 1.368949957187655109e-01 -1.653736416266046727e-01
4.783403655311799924e-03 1.367674727203467000e-01 -1.654663732452992531e-01
4.725998336525479709e-03 1.366318011126412824e-01 -1.655672847168407624e-01
4.643567218839290793e-03 1.364922433751062092e-01 -1.656781047965565357e-01
4.535365528124111686e-03 1.363489474857475514e-01 -1.657970984810408221e-01
4.407303893534740558e-03 1.362058805090753943e-01 -1.659209379993055733e-01
4.262543445972297868e-03 1.360641451661454004e-01 -1.660503075636544368e-01
4.097691424003420575e-03 1.359209583882365624e-01 -1.661835756163867195e-01
3.915552875497336181e-03 1.357751556351618483e-01 -1.663192247463002038e-01
3.722068080409791924e-03 1.356280357200842224e-01 -1.664564883718272215e-01
3.524226806458676843e-03 1.354789749451967840e-01 -1.665928569088989952e-01
3.327432934785157660e-03 1.353299532022880225e-01 -1.667268191457219884e-01
3.126616198414222583e-03 1.351851533295414520e-01 -1.668597934860725218e-01
2.920125818278936775e-03 1.350407091608898380e-01 -1.669872388229792504e-01
2.707214024007502905e-03 1.348914324044125923e-01 -1.671093009335003210e-01
2.490395374066008052e-03 1.347366257345305463e-01 -1.672234081601487177e-01
2.277201506371835486e-03 1.345952213463158798e-01 -1.673276620631111433e-01
2.070951198301655607e-03 1.344859973813593290e-01 -1.674259620537795479e-01
1.870154068047179177e-03 1.343854236342313935e-01 -1.675246958296747468e-01
1.681844060694605422e-03 1.342749734373206161e-01 -1.676292474557131151e-01
1.510546112615269304e-03 1.341550937717722880e-01 -1.677354334317563977e-01
1.366896335334297696e-03 1.340421777831210803e-01 -1.678171195890879874e-01
1.249860299503798271e-03 1.339373207018803857e-01 -1.678792271424985327e-01
1.139198022827761286e-03 1.338357495041458955e-01 -1.679338718792947882e-01
1.025369196107505385e-03 1.337402662724944125e-01 -1.679792417309362018e-01
9.124339314591122440e-04 1.336475165960658018e-01 -1.680207308368212027e-01
8.142088690362534083e-04 1.335540117225539614e-01 -1.680594358315064818e-01
7.379663326809723445e-04 1.334592740567996094e-01 -1.680939911113562557e-01
6.687626918879211336e-04 1.333674343264945328e-01 -1.681136537445772627e-01
6.029669241205809754e-04 1.332792448941567953e-01 -1.681128833157921054e-01
5.506261116533082587e-04 1.331895816521137532e-01 -1.680976812190086989e-01
5.021979911457487159e-04 1.331093175748234436e-01 -1.680605391749621369e-01
4.556090660564263823e-04 1.330392027305079550e-01 -1.680073911329845460e-01
4.143579465454014297e-04 1.329684263464623595e-01 -1.679537824351687858e-01
3.732313837776162044e-04 1.328959155060186470e-01 -1.679026151840043446e-01
3.288028101401941879e-04 1.328236629316820461e-01 -1.678520711449515979e-01
2.807780041314270536e-04 1.327518824945588261e-01 -1.678016163760712998e-01
2.416241616434076326e-04 1.326795687660333178e-01 -1.677570049352269388e-01
2.078191234056338125e-04 1.326144776125383340e-01 -1.677142773474859794e-01
1.716086540363940410e-04 1.325584213164182901e-01 -1.676687455622694056e-01
1.330826324702106688e-04 1.325088384081480331e-01 -1.676207698688260139e-01
9.581577417937283390e-05 1.324701526129459794e-01 -1.675648315534874755e-01
5.769641029436248843e-05 1.324395922461795161e-01 -1.675052237069918071e-01
3.157024078144018032e-05 1.324160046510756139e-01 -1.674555281243724214e-01
3.011890272036257444e-05 1.324012656345401329e-01 -1.674134649304497846e-01
4.335357379344106823e-05 1.323946827627645040e-01 -1.673734330447225194e-01
6.367271050363773187e-05 1.323956534973615429e-01 -1.673351835635827622e-01
9.012126062475440318e-05 1.324009108726917350e-01 -1.672994491057278321e-01
1.220608464567550234e-04 1.324082680202020579e-01 -1.672666691680784468e-01
1.600848191103503829e-04 1.324219529393823591e-01 -1.672344832202699860e-01
1.985866557798644924e-04 1.324429076340316314e-01 -1.672024445637543544e-01
2.414713285348108124e-04 1.324645896750630825e-01 -1.671730923613939379e-01
2.946682521214832959e-04 1.324834419001343910e-01 -1.671462733927163713e-01
3.588340045893886974e-04 1.324999169248596842e-01 -1.671218950367846234e-01
4.317605341123734695e-04 1.325178999903627031e-01 -1.671057310372625893e-01
5.130767108600080154e-04 1.325384054832960123e-01 -1.671011560367414717e-01
6.007075141859334350e-04 1.325629038413110028e-01 -1.671055929941994145e-01
6.916454349942736295e-04 1.325924799949068367e-01 -1.671178111499163621e-01
7.861676351462820820e-04 1.326270001178592728e-01 -1.671377174575571500e-01
8.771027680439289582e-04 1.326584838533974575e-01 -1.671585668087902377e-01
9.620380208014718939e-04 1.326900296698038384e-01 -1.671795560047077966e-01
1.041672567807195139e-03 1.327270660410288239e-01 -1.672010160113356902e-01
1.112192046817964564e-03 1.327601270090384422e-01 -1.672116899992271422e-01
1.173130648724452722e-03 1.327919880379135331e-01 -1.672139219274238753e-01
1.218987983685705743e-03 1.328289537794141439e-01 -1.672075720541937871e-01
1.244890458075611963e-03 1.328707912629550625e-01 -1.671877922356015955e-01
1.257212273997562225e-03 1.329184649751783687e-01 -1.671617935472322070e-01
1.260501543886849429e-03 1.329733689581086287e-01 -1.671356777216524425e-01
1.254681834900241936e-03 1.330353965915786751e-01 -1.671098848826804428e-01
1.237411712148651791e-03 1.331048981452222502e-01 -1.670824646318099793e-01
1.208333216668719444e-03 1.331827545850548522e-01 -1.670541502447528970e-01
1.171106409483704857e-03 1.332710549861368110e-01 -1.670255596099481654e-01
1.132943023131009449e-03 1.333726302872625391e-01 -1.670005030596435902e-01
1.096256886791644554e-03 1.334839017749381851e-01 -1.669797437579075838e-01
1.060309557844760567e-03 1.336017889340726239e-01 -1.669618667622726760e-01
1.023490019029550235e-03 1.337245598868520569e-01 -1.669454427804324403e-01
9.847634501579929575e-04 1.338520160486429411e-01 -1.669283761878281036e-01
9.441571309937354375e-04 1.339848110554193450e-01 -1.669098932784910394e-01
9.037382527267141894e-04 1.341189531852999828e-01 -1.668823658625946671e-01
8.601484210989203058e-04 1.342537002603999552e-01 -1.668464703505302960e-01
8.155678285757402522e-04 1.343920372803227015e-01 -1.668120276659288692e-01
7.701330303069313290e-04 1.345345643477857678e-01 -1.667826931705690408e-01
7.210527097974685435e-04 1.346810587489700173e-01 -1.667572629595256983e-01
6.703584929294000103e-04 1.348313707851040710e-01 -1.667367799371631265e-01
6.188838976418407174e-04 1.349844053489574758e-01 -1.667198710339607703e-01
5.663166006033168399e-04 1.351396959919087537e-01 -1.667051351558235528e-01
5.179491625886295959e-04 1.352922857673412027e-01 -1.666990618628291509e-01
4.646378357325114646e-04 1.354342371955006841e-01 -1.666806863559585627e-01
4.149593767297281516e-04 1.355680324141539939e-01 -1.666574691267052599e-01
3.734301174321590024e-04 1.356923841869419611e-01 -1.666386534669010433e-01
3.335489178579454359e-04 1.358041136456240583e-01 -1.666184690408111513e-01
2.932054850579301781e-04 1.359012228139348799e-01 -1.665949092328815051e-01
2.538218191239487859e-04 1.359824022740037108e-01 -1.665682819733722564e-01
2.169604520137771394e-04 1.360477297945001940e-01 -1.665389632698262568e-01
1.745871844617061372e-04 1.361029266753032707e-01 -1.665002595381082084e-01
1.231139484064896258e-04 1.361527605836793109e-01 -1.664486987010669050e-01
8.728689849245650615e-05 1.361963418181827701e-01 -1.663980498885161141e-01
7.801748531056356827e-05 1.362319203465112705e-01 -1.663562775294420426e-01
8.479367831366642491e-05 1.362586043062984642e-01 -1.663189128292342223e-01
1.029825657596002852e-04 1.362764804724010126e-01 -1.662840967279949622e-01
1.321952615919330556e-04 1.362891112780033331e-01 -1.662541625451388616e-01
1.779231349720737437e-04 1.362954349058177750e-01 -1.662426311683465052e-01
2.391129502127610246e-04 1.362902901744012796e-01 -1.662462589188976880e-01
3.120737974055484980e-04 1.362770441603430027e-01 -1.662604664723208447e-01
3.954515441585778495e-04 1.362588070891786740e-01 -1.662846111064709698e-01
4.792488803892368710e-04 1.362332055369118167e-01 -1.663128653567892412e-01
5.572901553664064795e-04 1.361986743098401453e-01 -1.663427798688657533e-01
6.343014014663605734e-04 1.361590485386121874e-01 -1.663785364573657777e-01
7.132790920384939450e-04 1.361168851871518704e-01 -1.664228860423523082e-01
7.962717674247969755e-04 1.360732084651086193e-01 -1.664744710487017221e-01
8.733372224982472202e-04 1.360258183546841082e-01 -1.665235940175463780e-01
9.388216988006949917e-04 1.359744029457085335e-01 -1.665646726941497902e-01
9.942389900285447581e-04 1.359183730891241615e-01 -1.665983085596428603e-01
1.027760524162456670e-03 1.358529035378462091e-01 -1.666143363087385088e-01
1.040010163887256913e-03 1.357771662989304406e-01 -1.666153174194675846e-01
1.034147371541804502e-03 1.356906898616035972e-01 -1.666033975119114441e-01
1.009316483199757019e-03 1.355982912887687131e-01 -1.665813864185791970e-01
9.726119236640144846e-04 1.355101254972128355e-01 -1.665585975457161416e-01
9.298039660769808791e-04 1.354317736553599660e-01 -1.665381494322942246e-01
8.798372456851791907e-04 1.353626103095149358e-01 -1.665185067108890249e-01
8.296652887000094748e-04 1.352964087521741077e-01 -1.665079884966765844e-01
7.850842245258300234e-04 1.352290784454806549e-01 -1.665072953014747892e-01
7.451012859613205617e-04 1.351562585679455253e-01 -1.665179600521494718e-01
7.032439513299185846e-04 1.350850689073921918e-01 -1.665391613847522490e-01
6.635836279071296445e-04 1.350142895810623189e-01 -1.665758666394541732e-01
6.232001562046631058e-04 1.349490475287736524e-01 -1.666217624814615716e-01
5.873294663956875198e-04 1.348836922155216833e-01 -1.666721192986619082e-01
5.545864585211353727e-04 1.348097145609877534e-01 -1.667242373243442988e-01
5.193725956482459372e-04 1.347264823824087521e-01 -1.667734877450331166e-01
4.898365062214138583e-04 1.346362116362027073e-01 -1.668294149685042305e-01
4.680974396623309029e-04 1.345494513885392707e-01 -1.668985181461504763e-01
4.485128881982262624e-04 1.344631549376879287e-01 -1.669676639051945188e-01
4.372452775063934670e-04 1.343747919823876646e-01 -1.670417419692567518e-01
4.303587265242541575e-04 1.342823538669433991e-01 -1.671182397541788878e-01
4.199161658410722076e-04 1.341835309597149695e-01 -1.671795389270688825e-01
4.159705010617930124e-04 1.340826041583437767e-01 -1.672403788132074132e-01
4.192974337017814183e-04 1.339904446533913274e-01 -1.672733329101451505e-01
4.275626940430391149e-04 1.339132190555672175e-01 -1.672828807735390610e-01
4.421503978925532563e-04 1.338513655679157699e-01 -1.672905417122728944e-01
4.571439761640299498e-04 1.337975423330601543e-01 -1.672986033188751109e-01
4.669365385029501745e-04 1.337527714015193936e-01 -1.673018163643457124e-01
4.710345348378373789e-04 1.337213090459077325e-01 -1.672976456514408405e-01
4.674484444422473558e-04 1.337002900106004366e-01 -1.672868625929107012e-01
4.599534400857330793e-04 1.336872274913628866e-01 -1.672677106921742485e-01
4.531844500339623832e-04 1.336840623997851141e-01 -1.672422230633426321e-01
4.468053886397142576e-04 1.336876068982446319e-01 -1.672122669350862012e-01
4.401248037822005910e-04 1.336947003491751884e-01 -1.671777481169964275e-01
4.330980238712059892e-04 1.337027014394277236e-01 -1.671446562928645130e-01
4.257399003540439895e-04 1.337124906062627794e-01 -1.671109904541543401e-01
4.180802794287824488e-04 1.337258153831644147e-01 -1.670727619239350814e-01
4.107484064961010534e-04 1.337378323300330574e-01 -1.670340935483607681e-01
4.122698200252855149e-04 1.337517707086847418e-01 -1.670037997935084617e-01
4.253410087177758830e-04 1.337720689078248648e-01 -1.669857658022807223e-01
4.389898926556125487e-04 1.337972754935909114e-01 -1.669631434726675523e-01
4.472104814066133805e-04 1.338237973458392127e-01 -1.669290689417594342e-01
4.509220795596221589e-04 1.338486448973511544e-01 -1.668905868896646827e-01
4.568556496447507978e-04 1.338764374126568402e-01 -1.668602182620465835e-01
4.676910571644830590e-04 1.339095722353236817e-01 -1.668458902571528513e-01
4.873515333959822391e-04 1.339465895599634693e-01 -1.668477275270991433e-01
5.168301320886258682e-04 1.339862072776037138e-01 -1.668544321153151433e-01
5.472841060971826753e-04 1.340234623598534902e-01 -1.668484380164926839e-01
5.778521756980448815e-04 1.340527397999980164e-01 -1.668381351819233915e-01
6.122949748753154457e-04 1.340733804315895339e-01 -1.668346937290815790e-01
6.502423769010670911e-04 1.340850512811194717e-01 -1.668378730954325206e-01
6.906649159245517111e-04 1.340879005827775861e-01 -1.668480856141258128e-01
7.333589317036291050e-04 1.340825422755213270e-01 -1.668660514090268832e-01
7.766257052723578476e-04 1.340695657955613962e-01 -1.668918618663385589e-01
8.173517349221597105e-04 1.340484687552136178e-01 -1.669210577151649111e-01
8.430489987939767749e-04 1.340192827738281578e-01 -1.669316797582192369e-01
8.498373478365481813e-04 1.339930592481881899e-01 -1.669292997013875901e-01
8.428130822506535360e-04 1.339747266118671842e-01 -1.669258496507127210e-01
8.346265736642299307e-04 1.339628390173771555e-01 -1.669237456260345143e-01
8.231655424142089771e-04 1.339586802125525833e-01 -1.669218245669688294e-01
8.115422525884339504e-04 1.339617920910250448e-01 -1.669210506006573724e-01
8.017855942760767620e-04 1.339651146845186880e-01 -1.669231602940930981e-01
7.910982322377917760e-04 1.339645032424305049e-01 -1.669279902805125837e-01
7.743417480893453582e-04 1.339674358160073131e-01 -1.669328665443827187e-01
7.491005539250512749e-04 1.339760236962467266e-01 -1.669354784161987126e-01
7.177517020527000250e-04 1.339850206917967135e-01 -1.669352150068053875e-01
6.814309503915978988e-04 1.339921973199398597e-01 -1.669318641941109627e-01
6.464409926299817619e-04 1.340027737791991969e-01 -1.669281547559373635e-01
6.169834334890196212e-04 1.340202124173405229e-01 -1.669259325543558381e-01
5.923492987458448380e-04 1.340383910786019095e-01 -1.669267041858382705e-01
5.744932212533922656e-04 1.340577738274369990e-01 -1.669301784558628321e-01
5.621917153323617838e-04 1.340771218017884625e-01 -1.669359137081856403e-01
5.449339687803111216e-04 1.340982912817567374e-01 -1.669370941598644908e-01
5.260064635844890254e-04 1.341194631961719896e-01 -1.669369386335392003e-01
5.116007029925228851e-04 1.341335715116015459e-01 -1.669411906430704196e-01
5.094264771607938391e-04 1.341376034285660657e-01 -1.669552086241976041e-01
5.043815447286031884e-04 1.341305537713717577e-01 -1.669555095357291852e-01
4.964841312878618199e-04 1.341230280299954558e-01 -1.669451883309271689e-01
4.947137215196506987e-04 1.341150264501806411e-01 -1.669365551594716168e-01
4.990735462651498108e-04 1.341016798283982681e-01 -1.669284627643952135e-01
5.082442237890157826e-04 1.340845509034367666e-01 -1.669178413609077594e-01
5.300541083018713408e-04 1.340617339483866632e-01 -1.669106764997698444e-01
5.598162523895552000e-04 1.340331157203477619e-01 -1.669120319537830965e-01
5.880994528761199821e-04 1.339971758276556346e-01 -1.669166273128787903e-01
6.135390050568449933e-04 1.339534626839295473e-01 -1.669258216744976542e-01
6.424189210628358793e-04 1.339096911350110553e-01 -1.669478399433748650e-01
6.724203558372458074e-04 1.338618491390412557e-01 -1.669767963803210631e-01
7.011801705330938635e-04 1.338052443638031996e-01 -1.670098467516451246e-01
7.239619910779553427e-04 1.337451798054227481e-01 -1.670458249449817967e-01
7.367440325118916221e-04 1.336868774093006029e-01 -1.670752547687655021e-01
