3.919387459754943848e-01 2.008157372474670410e-01 5.321633219718933105e-01 7.230901718139648438e-01
3.917335569858551025e-01 2.018740475177764893e-01 5.329092144966125488e-01 7.223569154739379883e-01
3.908967971801757812e-01 2.025839388370513916e-01 5.333353877067565918e-01 7.222969532012939453e-01
3.894288241863250732e-01 2.029462009668350220e-01 5.334406495094299316e-01 7.229101657867431641e-01
3.873282670974731445e-01 2.029608786106109619e-01 5.332223773002624512e-01 7.241944670677185059e-01
3.845929503440856934e-01 2.026274949312210083e-01 5.326761007308959961e-01 7.261450290679931641e-01
3.812191486358642578e-01 2.019448280334472656e-01 5.317957401275634766e-01 7.287548184394836426e-01
3.772023320198059082e-01 2.009110599756240845e-01 5.305734276771545410e-01 7.320144176483154297e-01
3.725364208221435547e-01 1.995236873626708984e-01 5.289996266365051270e-01 7.359119653701782227e-01
3.672145903110504150e-01 1.977796703577041626e-01 5.270630717277526855e-01 7.404330968856811523e-01
3.612288534641265869e-01 1.956754624843597412e-01 5.247511267662048340e-01 7.455610036849975586e-01
3.545803725719451904e-01 1.932210624217987061e-01 5.220424532890319824e-01 7.512722611427307129e-01
3.472782969474792480e-01 1.904389113187789917e-01 5.189090371131896973e-01 7.575383186340332031e-01
3.393318057060241699e-01 1.873527616262435913e-01 5.153211355209350586e-01 7.643278241157531738e-01
3.307490646839141846e-01 1.839858293533325195e-01 5.112493038177490234e-01 7.716077566146850586e-01
3.215368986129760742e-01 1.803606152534484863e-01 5.066640377044677734e-01 7.793430685997009277e-01
3.117013275623321533e-01 1.764992177486419678e-01 5.015362501144409180e-01 7.874971628189086914e-01
3.012475073337554932e-01 1.724232733249664307e-01 4.958366751670837402e-01 7.960315346717834473e-01
2.901799380779266357e-01 1.681541651487350464e-01 4.895370900630950928e-01 8.049057722091674805e-01
2.785025537014007568e-01 1.637130528688430786e-01 4.826094806194305420e-01 8.140777349472045898e-01
2.662188708782196045e-01 1.591210812330245972e-01 4.750266671180725098e-01 8.235033750534057617e-01
2.533321678638458252e-01 1.543991863727569580e-01 4.667622745037078857e-01 8.331366777420043945e-01
2.398871332406997681e-01 1.495453715324401855e-01 4.577988088130950928e-01 8.429179191589355469e-01
2.259583175182342529e-01 1.445433050394058228e-01 4.481253921985626221e-01 8.527799844741821289e-01
2.116222679615020752e-01 1.393789052963256836e-01 4.377326071262359619e-01 8.626585006713867188e-01
1.969568729400634766e-01 1.340411603450775146e-01 4.266124367713928223e-01 8.724923729896545410e-01
1.820411086082458496e-01 1.285224258899688721e-01 4.147585034370422363e-01 8.822236061096191406e-01
1.669547706842422485e-01 1.228186637163162231e-01 4.021658301353454590e-01 8.917983770370483398e-01
1.517779827117919922e-01 1.169297322630882263e-01 3.888309299945831299e-01 9.011667370796203613e-01
1.365908235311508179e-01 1.108594909310340881e-01 3.747519254684448242e-01 9.102824926376342773e-01
1.214726641774177551e-01 1.046160310506820679e-01 3.599284291267395020e-01 9.191036224365234375e-01
1.065015718340873718e-01 9.821172803640365601e-02 3.443614840507507324e-01 9.275921583175659180e-01
9.175358712673187256e-02 9.166307747364044189e-02 3.280531466007232666e-01 9.357138276100158691e-01
7.730209082365036011e-02 8.499080687761306763e-02 3.110070526599884033e-01 9.434381723403930664e-01
6.321712583303451538e-02 7.821962237358093262e-02 2.932277023792266846e-01 9.507380127906799316e-01
4.956265538930892944e-02 7.137957215309143066e-02 2.747457921504974365e-01 9.575819969177246094e-01
3.639364987611770630e-02 6.450678408145904541e-02 2.556587457656860352e-01 9.639258384704589844e-01
2.375910244882106781e-02 5.763960257172584534e-02 2.360979169607162476e-01 9.697273373603820801e-01
1.170412823557853699e-02 5.081579089164733887e-02 2.161954939365386963e-01 9.749566316604614258e-01
2.693941351026296616e-04 4.407212883234024048e-02 1.960832327604293823e-01 9.795963168144226074e-01
-1.052703522145748138e-02 3.744748607277870178e-02 1.758901923894882202e-01 9.836409687995910645e-01
-2.068190276622772217e-02 3.097996860742568970e-02 1.557418704032897949e-01 9.870952963829040527e-01
-3.019303269684314728e-02 2.470362745225429535e-02 1.357596516609191895e-01 9.899734854698181152e-01
-3.905907273292541504e-02 1.864841021597385406e-02 1.160594224929809570e-01 9.922987222671508789e-01
-4.727954044938087463e-02 1.284019369632005692e-02 9.675047546625137329e-02 9.941021800041198730e-01
-5.485476925969123840e-02 7.300868630409240723e-03 7.793442159891128540e-02 9.954214692115783691e-01
-6.178581342101097107e-02 2.049555070698261261e-03 5.968657135963439941e-02 9.963011145591735840e-01
-6.807453185319900513e-02 -2.895677462220191956e-03 4.203670844435691833e-02 9.967900514602661133e-01
-7.372386008501052856e-02 -7.518615107983350754e-03 2.499335817992687225e-02 9.969371557235717773e-01
-7.873766869306564331e-02 -1.180586218833923340e-02 8.563325740396976471e-03 9.967886805534362793e-01
-8.312058448791503906e-02 -1.574677042663097382e-02 -7.248194422572851181e-03 9.963887929916381836e-01
-8.687774837017059326e-02 -1.933332160115242004e-02 -2.243748120963573456e-02 9.957786798477172852e-01
-9.001458436250686646e-02 -2.256001159548759460e-02 -3.700214996933937073e-02 9.949970841407775879e-01
-9.253668040037155151e-02 -2.542372047901153564e-02 -5.094100907444953918e-02 9.940803647041320801e-01
-9.444954991340637207e-02 -2.792350389063358307e-02 -6.425391137599945068e-02 9.930614233016967773e-01
-9.575854241847991943e-02 -3.006049804389476776e-02 -7.694162428379058838e-02 9.919711351394653320e-01
-9.646863490343093872e-02 -3.183767944574356079e-02 -8.900564163923263550e-02 9.908370971679687500e-01
-9.658787399530410767e-02 -3.326005116105079651e-02 -1.004479900002479553e-01 9.896842241287231445e-01
-9.614368528127670288e-02 -3.433626890182495117e-02 -1.112704724073410034e-01 9.885324239730834961e-01
-9.517547488212585449e-02 -3.507824242115020752e-02 -1.214747875928878784e-01 9.873982071876525879e-01
-9.372300654649734497e-02 -3.549990803003311157e-02 -1.310627758502960205e-01 9.862952828407287598e-01
-9.182605147361755371e-02 -3.561705723404884338e-02 -1.400363594293594360e-01 9.852356910705566406e-01
-8.952421694993972778e-02 -3.544702753424644470e-02 -1.483974903821945190e-01 9.842292070388793945e-01
-8.685662597417831421e-02 -3.500853106379508972e-02 -1.561482101678848267e-01 9.832842946052551270e-01
-8.386166393756866455e-02 -3.432135656476020813e-02 -1.632904410362243652e-01 9.824080467224121094e-01
-8.057691156864166260e-02 -3.340614959597587585e-02 -1.698261052370071411e-01 9.816060662269592285e-01
-7.703892141580581665e-02 -3.228418901562690735e-02 -1.757570356130599976e-01 9.808834195137023926e-01
-7.328308373689651489e-02 -3.097712621092796326e-02 -1.810849756002426147e-01 9.802440404891967773e-01
-6.934355944395065308e-02 -2.950680628418922424e-02 -1.858116090297698975e-01 9.796912670135498047e-01
-6.525318324565887451e-02 -2.789504081010818481e-02 -1.899384707212448120e-01 9.792279601097106934e-01
-6.104338541626930237e-02 -2.616340853273868561e-02 -1.934670209884643555e-01 9.788563251495361328e-01
-5.674419924616813660e-02 -2.433309890329837799e-02 -1.963985115289688110e-01 9.785784482955932617e-01
-5.238412693142890930e-02 -2.242470346391201019e-02 -1.987341046333312988e-01 9.783955812454223633e-01
-4.799020662903785706e-02 -2.045812457799911499e-02 -2.004748731851577759e-01 9.783089160919189453e-01
-4.358796402812004089e-02 -1.845239289104938507e-02 -2.016217112541198730e-01 9.783191680908203125e-01
-3.920140117406845093e-02 -1.642557978630065918e-02 -2.021752595901489258e-01 9.784266948699951172e-01
-3.485299646854400635e-02 -1.439468003809452057e-02 -2.021360546350479126e-01 9.786312580108642578e-01
-3.056376054883003235e-02 -1.237554196268320084e-02 -2.015044540166854858e-01 9.789324402809143066e-01
-2.635318972170352936e-02 -1.038278825581073761e-02 -2.002806663513183594e-01 9.793289899826049805e-01
-2.223932370543479919e-02 -8.429779671132564545e-03 -1.984646320343017578e-01 9.798194169998168945e-01
-1.823877170681953430e-02 -6.528560072183609009e-03 -1.960562020540237427e-01 9.804012775421142578e-01
-1.436671614646911621e-02 -4.689850378781557083e-03 -1.930550187826156616e-01 9.810715913772583008e-01
-1.063695363700389862e-02 -2.923033665865659714e-03 -1.894605159759521484e-01 9.818264245986938477e-01
-7.061921060085296631e-03 -1.236162497662007809e-03 -1.852720528841018677e-01 9.826611876487731934e-01
-3.652717452496290207e-03 3.640232025645673275e-04 -1.804886609315872192e-01 9.835702776908874512e-01
-4.191431216895580292e-04 1.872067921794950962e-03 -1.751093715429306030e-01 9.845471978187561035e-01
2.630276605486869812e-03 3.283760277554392815e-03 -1.691330075263977051e-01 9.855842590332031250e-01
5.488263443112373352e-03 4.596085753291845322e-03 -1.625584065914154053e-01 9.866729974746704102e-01
8.148911409080028534e-03 5.806976463645696640e-03 -1.554147452116012573e-01 9.877986907958984375e-01
1.060777995735406876e-02 6.915014702826738358e-03 -1.477649062871932983e-01 9.889414906501770020e-01
1.286180503666400909e-02 7.919387891888618469e-03 -1.396803408861160278e-01 9.900814294815063477e-01
1.490923762321472168e-02 8.819916285574436188e-03 -1.312313228845596313e-01 9.912004470825195312e-01
1.674957014620304108e-02 9.617015719413757324e-03 -1.224865838885307312e-01 9.922822117805480957e-01
1.838352717459201813e-02 1.031168643385171890e-02 -1.135132387280464172e-01 9.933129549026489258e-01
1.981297321617603302e-02 1.090546790510416031e-02 -1.043762862682342529e-01 9.942806959152221680e-01
2.104088850319385529e-02 1.140042394399642944e-02 -9.513846784830093384e-02 9.951764345169067383e-01
2.207127586007118225e-02 1.179909426718950272e-02 -8.585987985134124756e-02 9.959928989410400391e-01
2.290911972522735596e-02 1.210446748882532120e-02 -7.659780979156494141e-02 9.967253804206848145e-01
2.356029860675334930e-02 1.231994107365608215e-02 -6.740649044513702393e-02 9.973713159561157227e-01
2.403149940073490143e-02 1.244927570223808289e-02 -5.833683535456657410e-02 9.979300498962402344e-01
2.433014847338199615e-02 1.249655615538358688e-02 -4.943634942173957825e-02 9.984027147293090820e-01
2.446432970464229584e-02 1.246615871787071228e-02 -4.074892401695251465e-02 9.987921714782714844e-01
2.444267459213733673e-02 1.236268598586320877e-02 -3.231475129723548889e-02 9.991023540496826172e-01
2.427431941032409668e-02 1.219094637781381607e-02 -2.417024597525596619e-02 9.993388056755065918e-01
2.396876364946365356e-02 1.195589359849691391e-02 -1.634801365435123444e-02 9.995074868202209473e-01
2.353582158684730530e-02 1.166259869933128357e-02 -8.876809850335121155e-03 9.996156096458435059e-01
2.298553287982940674e-02 1.131619326770305634e-02 -1.781595638021826744e-03 9.996702075004577637e-01
2.232807502150535583e-02 1.092184986919164658e-02 4.916423000395298004e-03 9.996790289878845215e-01
2.157370187342166901e-02 1.048473361879587173e-02 1.119971554726362228e-02 9.996495246887207031e-01
2.073265239596366882e-02 1.000997703522443771e-02 1.705431938171386719e-02 9.995894432067871094e-01
1.981509290635585785e-02 9.502631612122058868e-03 2.246973477303981781e-02 9.995059967041015625e-01
1.883105374872684479e-02 8.967656642198562622e-03 2.743875421583652496e-02 9.994059205055236816e-01
1.779038831591606140e-02 8.409882895648479462e-03 3.195732459425926208e-02 9.992955327033996582e-01
1.670269854366779327e-02 7.834002375602722168e-03 3.602437674999237061e-02 9.991806149482727051e-01
1.557729858905076981e-02 7.244530133903026581e-03 3.964164108037948608e-02 9.990662336349487305e-01
1.442318595945835114e-02 6.645801011472940445e-03 4.281347244977951050e-02 9.989568591117858887e-01
1.324898563325405121e-02 6.041945423930883408e-03 4.554665833711624146e-02 9.988560676574707031e-01
1.206293236464262009e-02 5.436881911009550095e-03 4.785019904375076294e-02 9.987668991088867188e-01
1.087285112589597702e-02 4.834301304072141647e-03 4.973516985774040222e-02 9.986916184425354004e-01
9.686118923127651215e-03 4.237663932144641876e-03 5.121449381113052368e-02 9.986317157745361328e-01
8.509659208357334137e-03 3.650194033980369568e-03 5.230275169014930725e-02 9.985884428024291992e-01
7.349930703639984131e-03 3.074869280681014061e-03 5.301598459482192993e-02 9.985619187355041504e-01
6.212913896888494492e-03 2.514420542865991592e-03 5.337156727910041809e-02 9.985522031784057617e-01
5.104096606373786926e-03 1.971332589164376259e-03 5.338794738054275513e-02 9.985588788986206055e-01
4.028486087918281555e-03 1.447842107154428959e-03 5.308455228805541992e-02 9.985808730125427246e-01
2.990599721670150757e-03 9.459394495934247971e-04 5.248153954744338989e-02 9.986170530319213867e-01
1.994469203054904938e-03 4.673730290960520506e-04 5.159974098205566406e-02 9.986657500267028809e-01
1.043644268065690994e-03 1.365174102829769254e-05 5.046038329601287842e-02 9.987255334854125977e-01
1.412023120792582631e-04 -4.139494849368929863e-04 4.908502474427223206e-02 9.987945556640625000e-01
-7.102437084540724754e-04 -8.143836748786270618e-04 4.749539867043495178e-02 9.988709092140197754e-01
-1.508534071035683155e-03 -1.186824869364500046e-03 4.571326076984405518e-02 9.989527463912963867e-01
-2.251947997137904167e-03 -1.530660432763397694e-03 4.376025497913360596e-02 9.990383982658386230e-01
-2.939190249890089035e-03 -1.845481921918690205e-03 4.165783151984214783e-02 9.991258978843688965e-01
-3.569374093785881996e-03 -2.131078159436583519e-03 3.942708671092987061e-02 9.992138743400573730e-01
-4.142002668231725693e-03 -2.387422136962413788e-03 3.708868473768234253e-02 9.993005990982055664e-01
-4.656950943171977997e-03 -2.614663215354084969e-03 3.466274216771125793e-02 9.993848204612731934e-01
-5.114446394145488739e-03 -2.813116181641817093e-03 3.216877952218055725e-02 9.994654655456542969e-01
-5.515045486390590668e-03 -2.983248094096779823e-03 2.962559461593627930e-02 9.995414614677429199e-01
-5.859612487256526947e-03 -3.125668736174702644e-03 2.705121040344238281e-02 9.996119737625122070e-01
-6.149297114461660385e-03 -3.241120604798197746e-03 2.446281537413597107e-02 9.996766448020935059e-01
-6.385514512658119202e-03 -3.330462845042347908e-03 2.187670022249221802e-02 9.997347593307495117e-01
-6.569918710738420486e-03 -3.394663101062178612e-03 1.930821314454078674e-02 9.997862577438354492e-01
-6.704380735754966736e-03 -3.434783546254038811e-03 1.677171885967254639e-02 9.998309612274169922e-01
-6.790961604565382004e-03 -3.451969940215349197e-03 1.428056135773658752e-02 9.998690485954284668e-01
-6.831892766058444977e-03 -3.447439521551132202e-03 1.184706203639507294e-02 9.999005198478698730e-01
-6.829550955444574356e-03 -3.422470297664403915e-03 9.482488967478275299e-03 9.999258518218994141e-01
-6.786438636481761932e-03 -3.378390101715922356e-03 7.197044789791107178e-03 9.999454021453857422e-01
-6.705157458782196045e-03 -3.316563554108142853e-03 4.999875556677579880e-03 9.999595880508422852e-01
-6.588388234376907349e-03 -3.238384379073977470e-03 2.899074228480458260e-03 9.999688863754272461e-01
-6.438873708248138428e-03 -3.145264694467186928e-03 9.016885305754840374e-04 9.999739527702331543e-01
-6.259392015635967255e-03 -3.038623603060841560e-03 -9.862593142315745354e-04 9.999753236770629883e-01
-6.052744109183549881e-03 -2.919881138950586319e-03 -2.759750233963131905e-03 9.999735951423645020e-01
-5.821731872856616974e-03 -2.790446858853101730e-03 -4.414741881191730499e-03 9.999694824218750000e-01
-5.569139495491981506e-03 -2.651713090017437935e-03 -5.948134232312440872e-03 9.999632835388183594e-01
-5.297723691910505295e-03 -2.505048876628279686e-03 -7.357736583799123764e-03 9.999557733535766602e-01
-5.010194610804319382e-03 -2.351791132241487503e-03 -8.642224594950675964e-03 9.999474287033081055e-01
-4.709201864898204803e-03 -2.193238819018006325e-03 -9.801102802157402039e-03 9.999384880065917969e-01
-4.397324286401271820e-03 -2.030648291110992432e-03 -1.083465944975614548e-02 9.999296069145202637e-01
-4.077054560184478760e-03 -1.865226775407791138e-03 -1.174390967935323715e-02 9.999210238456726074e-01
-3.750794334337115288e-03 -1.698129344731569290e-03 -1.253056060522794724e-02 9.999130368232727051e-01
-3.420842811465263367e-03 -1.530454843305051327e-03 -1.319695357233285904e-02 9.999059438705444336e-01
-3.089388366788625717e-03 -1.363241579383611679e-03 -1.374601945281028748e-02 9.998998045921325684e-01
-2.758501563221216202e-03 -1.197465346194803715e-03 -1.418121624737977982e-02 9.998949170112609863e-01
-2.430130494758486748e-03 -1.034037093631923199e-03 -1.450648810714483261e-02 9.998913407325744629e-01
-2.106097061187028885e-03 -8.738011238165199757e-04 -1.472620852291584015e-02 9.998890161514282227e-01
-1.788091030903160572e-03 -7.175341015681624413e-04 -1.484513282775878906e-02 9.998879432678222656e-01
-1.477669808082282543e-03 -5.659442394971847534e-04 -1.486834418028593063e-02 9.998882412910461426e-01
-1.176255522295832634e-03 -4.196707741357386112e-04 -1.480120886117219925e-02 9.998897314071655273e-01
-8.851343882270157337e-04 -2.792843442875891924e-04 -1.464932132512331009e-02 9.998922944068908691e-01
-6.054569385014474392e-04 -1.452875003451481462e-04 -1.441846322268247604e-02 9.998958706855773926e-01
-3.382393915671855211e-04 -1.811568836274091154e-05 -1.411455683410167694e-02 9.999004006385803223e-01
-8.436478674411773682e-05 1.018615876091644168e-04 -1.374362036585807800e-02 9.999055266380310059e-01
1.554142363602295518e-04 2.143391757272183895e-04 -1.331172510981559753e-02 9.999113678932189941e-01
3.804727748502045870e-04 3.190743736922740936e-04 -1.282496470957994461e-02 9.999176859855651855e-01
5.903099663555622101e-04 4.158847732469439507e-04 -1.228940300643444061e-02 9.999243021011352539e-01
7.845446816645562649e-04 5.046458682045340538e-04 -1.171104982495307922e-02 9.999310374259948730e-01
9.629110572859644890e-04 5.852885078638792038e-04 -1.109582930803298950e-02 9.999377727508544922e-01
1.125253620557487011e-03 6.577963940799236298e-04 -1.044954359531402588e-02 9.999446272850036621e-01
1.271521672606468201e-03 7.222024723887443542e-04 -9.777846746146678925e-03 9.999511241912841797e-01
1.401763758622109890e-03 7.785864872857928276e-04 -9.086221456527709961e-03 9.999575018882751465e-01
1.516121206805109978e-03 8.270717225968837738e-04 -8.379951119422912598e-03 9.999634027481079102e-01
1.614823006093502045e-03 8.678216836415231228e-04 -7.664109114557504654e-03 9.999690055847167969e-01
1.698177540674805641e-03 9.010365465655922890e-04 -6.943529937416315079e-03 9.999740719795227051e-01
1.766568981111049652e-03 9.269506554119288921e-04 -6.222802214324474335e-03 9.999787211418151855e-01
1.820447389036417007e-03 9.458280401304364204e-04 -5.506249144673347473e-03 9.999827742576599121e-01
1.860324991866946220e-03 9.579601464793086052e-04 -4.797922447323799133e-03 9.999863505363464355e-01
1.886767684482038021e-03 9.636616450734436512e-04 -4.101588856428861618e-03 9.999893307685852051e-01
1.900389906950294971e-03 9.632681612856686115e-04 -3.420728491619229317e-03 9.999918937683105469e-01
1.901847310364246368e-03 9.571321425028145313e-04 -2.758530201390385628e-03 9.999939799308776855e-01
1.891830586828291416e-03 9.456204134039580822e-04 -2.117886207997798920e-03 9.999955892562866211e-01
1.871059415861964226e-03 9.291105088777840137e-04 -1.501392805948853493e-03 9.999967217445373535e-01
1.840276760049164295e-03 9.079888695850968361e-04 -9.113539708778262138e-04 9.999975562095642090e-01
1.800242345780134201e-03 8.826467674225568771e-04 -3.497817669995129108e-04 9.999979138374328613e-01
1.751728472299873829e-03 8.534786175005137920e-04 1.815975119825452566e-04 9.999980926513671875e-01
1.695513143204152584e-03 8.208789513446390629e-04 6.813379004597663879e-04 9.999980330467224121e-01
1.632375642657279968e-03 7.852400885894894600e-04 1.148265902884304523e-03 9.999977350234985352e-01
1.563092344440519810e-03 7.469501579180359840e-04 1.581471995450556278e-03 9.999973177909851074e-01
1.488431589677929878e-03 7.063907105475664139e-04 1.980300759896636009e-03 9.999967217445373535e-01
1.409149612300097942e-03 6.639350904151797295e-04 2.344340784475207329e-03 9.999961256980895996e-01
1.325987046584486961e-03 6.199463969096541405e-04 2.673412207514047623e-03 9.999954104423522949e-01
1.239664969034492970e-03 5.747761460952460766e-04 2.967555075883865356e-03 9.999946951866149902e-01
1.150882220827043056e-03 5.287626408971846104e-04 3.227016422897577286e-03 9.999940395355224609e-01
1.060311915352940559e-03 4.822298651561141014e-04 3.452236996963620186e-03 9.999933838844299316e-01
9.685991681180894375e-04 4.354862903710454702e-04 3.643836826086044312e-03 9.999927878379821777e-01
8.763590594753623009e-04 3.888238570652902126e-04 3.802601946517825127e-03 9.999923110008239746e-01
7.841739570721983910e-04 3.425171307753771544e-04 3.929468803107738495e-03 9.999919533729553223e-01
6.925928755663335323e-04 2.968228945974260569e-04 4.025510977953672409e-03 9.999915957450866699e-01
6.021296721883118153e-04 2.519795671105384827e-04 4.091928713023662567e-03 9.999914169311523438e-01
5.132615915499627590e-04 2.082066348521038890e-04 4.130024928599596024e-03 9.999913573265075684e-01
4.264290910214185715e-04 1.657046523177996278e-04 4.141200333833694458e-03 9.999912977218627930e-01
3.420352877583354712e-04 1.246549800271168351e-04 4.126936662942171097e-03 9.999914169311523438e-01
2.604452020023018122e-04 8.521982817910611629e-05 4.088781308382749557e-03 9.999915957450866699e-01
1.819861936382949352e-04 4.754249675897881389e-05 4.028335679322481155e-03 9.999918937683105469e-01
1.069481440936215222e-04 1.174746921606129035e-05 3.947245422750711441e-03 9.999922513961791992e-01
3.558366006473079324e-05 -2.205918644904159009e-05 3.847181098535656929e-03 9.999926090240478516e-01
-3.189112612744793296e-05 -5.378939749789424241e-05 3.729833755642175674e-03 9.999930858612060547e-01
-9.529577801004052162e-05 -8.337257895618677139e-05 3.596898401156067848e-03 9.999935626983642578e-01
-1.544846454635262489e-04 -1.107550779124721885e-04 3.450068179517984390e-03 9.999940991401672363e-01
-2.093456860166043043e-04 -1.358994632028043270e-04 3.291021101176738739e-03 9.999945759773254395e-01
-2.597992133814841509e-04 -1.587839215062558651e-04 3.121412126347422600e-03 9.999951124191284180e-01
-3.057964495383203030e-04 -1.794013660401105881e-04 2.942864084616303444e-03 9.999956488609313965e-01
-3.473181859590113163e-04 -1.977586798602715135e-04 2.756959758698940277e-03 9.999961256980895996e-01
-3.843731246888637543e-04 -2.138759737135842443e-04 2.565235598012804985e-03 9.999966621398925781e-01
-4.169961321167647839e-04 -2.277854655403643847e-04 2.369173569604754448e-03 9.999970793724060059e-01
-4.452467546798288822e-04 -2.395309711573645473e-04 2.170197898522019386e-03 9.999976158142089844e-01
-4.692072106990963221e-04 -2.491664490662515163e-04 1.969667384400963783e-03 9.999979138374328613e-01
-4.889806150458753109e-04 -2.567556221038103104e-04 1.768871909007430077e-03 9.999983310699462891e-01
-5.046892329119145870e-04 -2.623706532176584005e-04 1.569028827361762524e-03 9.999986290931701660e-01
-5.164727917872369289e-04 -2.660914324223995209e-04 1.371280290186405182e-03 9.999989271163940430e-01
-5.244862986728549004e-04 -2.680046600289642811e-04 1.176689751446247101e-03 9.999991655349731445e-01
-5.288984975777566433e-04 -2.682027989067137241e-04 9.862411534413695335e-04 9.999994039535522461e-01
-5.298901232890784740e-04 -2.667833177838474512e-04 8.008368313312530518e-04 9.999995827674865723e-01
-5.276519223116338253e-04 -2.638477308209985495e-04 6.212969892658293247e-04 9.999997019767761230e-01
-5.223830230534076691e-04 -2.595007244963198900e-04 4.483594384510070086e-04 9.999997019767761230e-01
-5.142889567650854588e-04 -2.538496046327054501e-04 2.826800919137895107e-04 9.999998211860656738e-01
-5.035808426328003407e-04 -2.470031031407415867e-04 1.248337939614430070e-04 9.999998807907104492e-01
-4.904730594716966152e-04 -2.390709851169958711e-04 -2.468473394401371479e-05 9.999999403953552246e-01
-4.751819651573896408e-04 -2.301632048329338431e-04 -1.654588995734229684e-04 9.999998807907104492e-01
-4.579247615765780210e-04 -2.203891635872423649e-04 -2.971485373564064503e-04 9.999998211860656738e-01
-4.389177483972162008e-04 -2.098572731483727694e-04 -4.194873326923698187e-04 9.999998211860656738e-01
-4.183753917459398508e-04 -1.986741117434576154e-04 -5.322803626768290997e-04 9.999998211860656738e-01
-3.965088981203734875e-04 -1.869441039161756635e-04 -6.354009965434670448e-04 9.999997019767761230e-01
-3.735254285857081413e-04 -1.747689966578036547e-04 -7.287880289368331432e-04 9.999997019767761230e-01
-3.496268182061612606e-04 -1.622472336748614907e-04 -8.124416926875710487e-04 9.999995827674865723e-01
-3.250087029300630093e-04 -1.494737662142142653e-04 -8.864208939485251904e-04 9.999995827674865723e-01
-2.998599084094166756e-04 -1.365395437460392714e-04 -9.508386719971895218e-04 9.999994635581970215e-01
-2.743615477811545134e-04 -1.235312811331823468e-04 -1.005859230645000935e-03 9.999994635581970215e-01
-2.486864104866981506e-04 -1.105311312130652368e-04 -1.051693223416805267e-03 9.999994635581970215e-01
-2.229983656434342265e-04 -9.761645924299955368e-05 -1.088594552129507065e-03 9.999993443489074707e-01
-1.974519545910879970e-04 -8.485972648486495018e-05 -1.116855652071535587e-03 9.999993443489074707e-01
-1.721920707495883107e-04 -7.232821371871978045e-05 -1.136804348789155483e-03 9.999993443489074707e-01
-1.473534503020346165e-04 -6.008401760482229292e-05 -1.148798852227628231e-03 9.999993443489074707e-01
-1.230606139870360494e-04 -4.818394518224522471e-05 -1.153224846348166466e-03 9.999993443489074707e-01
-9.942763426806777716e-05 -3.667947748908773065e-05 -1.150490832515060902e-03 9.999993443489074707e-01
-7.655809167772531509e-05 -2.561675501056015491e-05 -1.141024869866669178e-03 9.999993443489074707e-01
-5.454504207591526210e-05 -1.503663315816083923e-05 -1.125270850025117397e-03 9.999994039535522461e-01
-3.347103483974933624e-05 -4.974715920980088413e-06 -1.103684306144714355e-03 9.999994635581970215e-01
-1.340827111562248319e-05 4.538536813925020397e-06 -1.076730084605515003e-03 9.999994635581970215e-01
5.581252025876892731e-06 1.347770194115582854e-05 -1.044878270477056503e-03 9.999994635581970215e-01
2.344553104194346815e-05 2.182225580327212811e-05 -1.008601160719990730e-03 9.999995231628417969e-01
4.014229125459678471e-05 2.955641321022994816e-05 -9.683701209723949432e-04 9.999995827674865723e-01
5.563868035096675158e-05 3.666895645437762141e-05 -9.246535482816398144e-04 9.999995827674865723e-01
6.991092959651723504e-05 4.315303522162139416e-05 -8.779137278907001019e-04 9.999996423721313477e-01
8.294394501717761159e-05 4.900594649370759726e-05 -8.286042721010744572e-04 9.999997019767761230e-01
9.473094542045146227e-05 5.422894173534587026e-05 -7.771681994199752808e-04 9.999997019767761230e-01
1.052730003721080720e-04 5.882694676984101534e-05 -7.240357808768749237e-04 9.999997615814208984e-01
1.145785499829798937e-04 6.280836532823741436e-05 -6.696226191706955433e-04 9.999998211860656738e-01
1.226629683515056968e-04 6.618480256292968988e-05 -6.143281934782862663e-04 9.999998211860656738e-01
1.295480760745704174e-04 6.897083221701905131e-05 -5.585343460552394390e-04 9.999998807907104492e-01
1.352615363430231810e-04 7.118370558600872755e-05 -5.026038270443677902e-04 9.999999403953552246e-01
1.398365566274151206e-04 7.284313323907554150e-05 -4.468794213607907295e-04 9.999999403953552246e-01
1.433111901860684156e-04 7.397099398076534271e-05 -3.916829882655292749e-04 9.999999403953552246e-01
1.457278849557042122e-04 7.459108746843412519e-05 -3.373146464582532644e-04 9.999999403953552246e-01
1.471330324420705438e-04 7.472890138160437346e-05 -2.840524539351463318e-04 1.000000000000000000e+00
1.475763274356722832e-04 7.441134221153333783e-05 -2.321516076335683465e-04 1.000000000000000000e+00
1.471104478696361184e-04 7.366648060269653797e-05 -1.818446617107838392e-04 1.000000000000000000e+00
1.457904581911861897e-04 7.252335490193217993e-05 -1.333412219537422061e-04 1.000000000000000000e+00
1.436733437003567815e-04 7.101170194800943136e-05 -8.682801853865385056e-05 1.000000000000000000e+00
1.408176322001963854e-04 6.916175334481522441e-05 -4.246917524142190814e-05 1.000000000000000000e+00
1.372828992316499352e-04 6.700403901049867272e-05 -4.064331733388826251e-07 1.000000000000000000e+00
1.331293315161019564e-04 6.456917617470026016e-05 3.924035263480618596e-05 1.000000000000000000e+00
1.284173922613263130e-04 6.188768020365387201e-05 7.637269300175830722e-05 1.000000000000000000e+00
1.232073846040293574e-04 5.898978270124644041e-05 1.109127915697172284e-04 1.000000000000000000e+00
1.175591751234605908e-04 5.590528235188685358e-05 1.428028772352263331e-04 1.000000000000000000e+00
1.115317500079981983e-04 5.266337757348082960e-05 1.720043364912271500e-04 1.000000000000000000e+00
1.051830113283358514e-04 4.929252463625743985e-05 1.984969130717217922e-04 1.000000000000000000e+00
9.856945689534768462e-05 4.582032488542608917e-05 2.222776965936645865e-04 1.000000000000000000e+00
9.174591104965656996e-05 4.227339741191826761e-05 2.433602203382179141e-04 1.000000000000000000e+00
8.476529910694807768e-05 3.867727718898095191e-05 2.617733844090253115e-04 1.000000000000000000e+00
7.767846545903012156e-05 3.505632412270642817e-05 2.775603497866541147e-04 1.000000000000000000e+00
7.053394074318930507e-05 3.143364665447734296e-05 2.907776215579360723e-04 1.000000000000000000e+00
6.337782542686909437e-05 2.783103627734817564e-05 3.014937974512577057e-04 1.000000000000000000e+00
5.625364428851753473e-05 2.426891114737372845e-05 3.097885346505790949e-04 1.000000000000000000e+00
4.920222272630780935e-05 2.076627788483165205e-05 3.157513274345546961e-04 1.000000000000000000e+00
4.226159944664686918e-05 1.734068428049795330e-05 3.194805758539587259e-04 1.000000000000000000e+00
3.546696098055690527e-05 1.400821474817348644e-05 3.210823342669755220e-04 1.000000000000000000e+00
2.885060530388727784e-05 1.078347031580051407e-05 3.206694091204553843e-04 1.000000000000000000e+00
2.244189090561121702e-05 7.679564987483900040e-06 3.183600492775440216e-04 1.000000000000000000e+00
1.626726043468806893e-05 4.708137566922232509e-06 3.142771020065993071e-04 1.000000000000000000e+00
1.035022796713747084e-05 1.879363708212622441e-06 3.085470525547862053e-04 1.000000000000000000e+00
4.711414476332720369e-06 -7.980191867318353616e-07 3.012988890986889601e-04 1.000000000000000000e+00
-6.314097618087544106e-07 -3.316683432785794139e-06 2.926632587332278490e-04 1.000000000000000000e+00
-5.663270258082775399e-06 -5.670673544955207035e-06 2.827716816682368517e-04 1.000000000000000000e+00
-1.037191395880654454e-05 -7.855362127884291112e-06 2.717555908020585775e-04 1.000000000000000000e+00
-1.474773125664796680e-05 -9.867399967333767563e-06 2.597455750219523907e-04 1.000000000000000000e+00
-1.878365401353221387e-05 -1.170466839539585635e-05 2.468707680236548185e-04 1.000000000000000000e+00
-2.247505835839547217e-05 -1.336621335212839767e-05 2.332578733330592513e-04 1.000000000000000000e+00
-2.581964690762106329e-05 -1.485218854213599116e-05 2.190309023717418313e-04 1.000000000000000000e+00
-2.881733234971761703e-05 -1.616379086044616997e-05 2.043103741016238928e-04 1.000000000000000000e+00
-3.147011011606082320e-05 -1.730319127091206610e-05 1.892127911560237408e-04 1.000000000000000000e+00
-3.378192559466697276e-05 -1.827346750360447913e-05 1.738502469379454851e-04 1.000000000000000000e+00
-3.575853770598769188e-05 -1.907853584270924330e-05 1.583299599587917328e-04 1.000000000000000000e+00
-3.740738611668348312e-05 -1.972307109099347144e-05 1.427539245923981071e-04 1.000000000000000000e+00
-3.873743844451382756e-05 -2.021244472416583449e-05 1.272186200367286801e-04 1.000000000000000000e+00
-3.975906292907893658e-05 -2.055264849332161248e-05 1.118147338274866343e-04 1.000000000000000000e+00
-4.048386836075223982e-05 -2.075022166536655277e-05 9.662693628342822194e-05 1.000000000000000000e+00
-4.092458766535855830e-05 -2.081218372040893883e-05 8.173376409104093909e-05 1.000000000000000000e+00
-4.109491419512778521e-05 -2.074595795420464128e-05 6.720745295751839876e-05 1.000000000000000000e+00
-4.100936712347902358e-05 -2.055931145150680095e-05 5.311388667905703187e-05 1.000000000000000000e+00
-4.068317866767756641e-05 -2.026028414547909051e-05 3.951257531298324466e-05 1.000000000000000000e+00
-4.013213401776738465e-05 -1.985713061003480107e-05 2.645666791067924351e-05 1.000000000000000000e+00
-3.937246219720691442e-05 -1.935825093823950738e-05 1.399298344040289521e-05 1.000000000000000000e+00
-3.842070509563200176e-05 -1.877213617262896150e-05 2.162106284231413156e-06 1.000000000000000000e+00
-3.729360469151288271e-05 -1.810731191653758287e-05 -9.001505532069131732e-06 1.000000000000000000e+00
-3.600800118874758482e-05 -1.737228558340575546e-05 -1.946936572494450957e-05 1.000000000000000000e+00
-3.458069477346725762e-05 -1.657549182709772140e-05 -2.921879786299541593e-05 1.000000000000000000e+00
-3.302838013041764498e-05 -1.572525252413470298e-05 -3.823272709269076586e-05 1.000000000000000000e+00
-3.136754457955248654e-05 -1.482973584643332288e-05 -4.649946276913397014e-05 1.000000000000000000e+00
-2.961437166959512979e-05 -1.389690623909700662e-05 -5.401246380642987788e-05 1.000000000000000000e+00
-2.778466478048358113e-05 -1.293449440709082410e-05 -6.077007856220006943e-05 1.000000000000000000e+00
-2.589378527773078531e-05 -1.194996366393752396e-05 -6.677529017906636000e-05 1.000000000000000000e+00
-2.395656883891206235e-05 -1.095048173738177866e-05 -7.203537097666412592e-05 1.000000000000000000e+00
-2.198728361690882593e-05 -9.942892575054429471e-06 -7.656167872482910752e-05 1.000000000000000000e+00
-1.999956111831124872e-05 -8.933695426094345748e-06 -8.036929648369550705e-05 1.000000000000000000e+00
-1.800636528059840202e-05 -7.929026651254389435e-06 -8.347674156539142132e-05 1.000000000000000000e+00
-1.601994699740316719e-05 -6.934641987754730508e-06 -8.590567449573427439e-05 1.000000000000000000e+00
-1.405180955771356821e-05 -5.955904271104373038e-06 -8.768054249230772257e-05 1.000000000000000000e+00
-1.211268863698933274e-05 -4.997774340154137462e-06 -8.882833208190277219e-05 1.000000000000000000e+00
-1.021252592181554064e-05 -4.064805125381099060e-06 -8.937824895838275552e-05 1.000000000000000000e+00
-8.360460924450308084e-06 -3.161136191920377314e-06 -8.936133963288739324e-05 1.000000000000000000e+00
-6.564818249898962677e-06 -2.290494194312486798e-06 -8.881030953489243984e-05 1.000000000000000000e+00
-4.833106231671990827e-06 -1.456194013371714391e-06 -8.775915921432897449e-05 1.000000000000000000e+00
-3.172017386532388628e-06 -6.611416552004811820e-07 -8.624295151093974710e-05 1.000000000000000000e+00
-1.587438987371569965e-06 9.215845864218863426e-08 -8.429749868810176849e-05 1.000000000000000000e+00
-8.446036758869013283e-08 8.015960588636517059e-07 -8.195912232622504234e-05 1.000000000000000000e+00
1.332610509052756242e-06 1.465444938730797730e-06 -7.926442049210891128e-05 1.000000000000000000e+00
2.660227437445428222e-06 2.082351102217216976e-06 -7.625002035638317466e-05 1.000000000000000000e+00
3.895583631674526259e-06 2.651319618962588720e-06 -7.295234536286443472e-05 1.000000000000000000e+00
5.036586117057595402e-06 3.171699518134118989e-06 -6.940742605365812778e-05 1.000000000000000000e+00
6.081827905290992931e-06 3.643168611233704723e-06 -6.565070361830294132e-05 1.000000000000000000e+00
7.030555934761650860e-06 4.065715984324924648e-06 -6.171686982270330191e-05 1.000000000000000000e+00
7.882637873990461230e-06 4.439623353391652927e-06 -5.763964509242214262e-05 1.000000000000000000e+00
8.638528015580959618e-06 4.765449375554453582e-06 -5.345169847714714706e-05 1.000000000000000000e+00
9.299230441683903337e-06 5.044006229582009837e-06 -4.918446938972920179e-05 1.000000000000000000e+00
9.866263098956551403e-06 5.276344381854869425e-06 -4.486806938075460494e-05 1.000000000000000000e+00
1.034161505231168121e-05 5.463729848997900262e-06 -4.053116572322323918e-05 1.000000000000000000e+00
1.072771010512951761e-05 5.607624643744202331e-06 -3.620091229095123708e-05 1.000000000000000000e+00
1.102736950997496024e-05 5.709668585041072220e-06 -3.190285497112199664e-05 1.000000000000000000e+00
1.124376831285189837e-05 5.771655651187757030e-06 -2.766088255157228559e-05 1.000000000000000000e+00
1.138039806392043829e-05 5.795518518425524235e-06 -2.349716851313132793e-05 1.000000000000000000e+00
1.144102589023532346e-05 5.783305823570117354e-06 -1.943214374477975070e-05 1.000000000000000000e+00
1.142965993494726717e-05 5.737165338359773159e-06 -1.548447653476614505e-05 1.000000000000000000e+00
1.135050661105196923e-05 5.659323960571782663e-06 -1.167105983768124133e-05 1.000000000000000000e+00
1.120793785958085209e-05 5.552069978875806555e-06 -8.007006726984400302e-06 1.000000000000000000e+00
1.100645295082358643e-05 5.417736701929243281e-06 -4.505672222876455635e-06 1.000000000000000000e+00
1.075064574251882732e-05 5.258686087472597137e-06 -1.178666025225538760e-06 1.000000000000000000e+00
1.044517102855024859e-05 5.077291007182793692e-06 1.964112016139551997e-06 1.000000000000000000e+00
1.009471361612668261e-05 4.875922513747354969e-06 4.914435521641280502e-06 1.000000000000000000e+00
9.703958312456961721e-06 4.656934834201820195e-06 7.665702469239477068e-06 1.000000000000000000e+00
9.277562639908865094e-06 4.422651272761868313e-06 1.021288517222274095e-05 1.000000000000000000e+00
8.820128641673363745e-06 4.175355115876300260e-06 1.255246479558991268e-05 1.000000000000000000e+00
8.336180144397076219e-06 3.917276444553863257e-06 1.468236496293684468e-05 1.000000000000000000e+00
7.830139111320022494e-06 3.650578946690075099e-06 1.660188900132197887e-05 1.000000000000000000e+00
7.306305633392184973e-06 3.377355369593715295e-06 1.831163717724848539e-05 1.000000000000000000e+00
6.768839739379473031e-06 3.099617288171430118e-06 1.981343484658282250e-05 1.000000000000000000e+00
6.221743660717038438e-06 2.819287601596442983e-06 2.111024332407396287e-05 1.000000000000000000e+00
5.668846370099345222e-06 2.538193484724615701e-06 2.220608439529314637e-05 1.000000000000000000e+00
5.113793122291099280e-06 2.258062295368290506e-06 2.310595118615310639e-05 1.000000000000000000e+00
4.560031356959370896e-06 1.980516344701754861e-06 2.381572267040610313e-05 1.000000000000000000e+00
4.010802967968629673e-06 1.707068463474570308e-06 2.434207453916314989e-05 1.000000000000000000e+00
3.469135435807402246e-06 1.439120524082682095e-06 2.469240644131787121e-05 1.000000000000000000e+00
2.937837734862114303e-06 1.177960825771151576e-06 2.487473830115050077e-05 1.000000000000000000e+00
2.419495103822555393e-06 9.247631282960355747e-07 2.489763755875173956e-05 1.000000000000000000e+00
1.916466544571449049e-06 6.805853445257525891e-07 2.477013367752078921e-05 1.000000000000000000e+00
1.430883685316075571e-06 4.463711604785203235e-07 2.450163628964219242e-05 1.000000000000000000e+00
9.646512353356229141e-07 2.229503763828688534e-07 2.410186061752028763e-05 1.000000000000000000e+00
5.194484060666582081e-07 1.104013946928716905e-08 2.358074743824545294e-05 1.000000000000000000e+00
9.673188117176323431e-08 -1.887524234689408331e-07 2.294839396199677140e-05 1.000000000000000000e+00
-3.022598775714868680e-07 -3.759276978598791175e-07 2.221498471044469625e-05 1.000000000000000000e+00
-6.765017701582110021e-07 -5.500902489075087942e-07 2.139071875717490911e-05 1.000000000000000000e+00
-1.025175834001856856e-06 -7.109454713827290107e-07 2.048575697699561715e-05 1.000000000000000000e+00
-1.347664351669664029e-06 -8.582951522839721292e-07 1.951015656231902540e-05 1.000000000000000000e+00
-1.643541622797783930e-06 -9.920335060087381862e-07 1.847382372943684459e-05 1.000000000000000000e+00
-1.912566176542895846e-06 -1.112142285819572862e-06 1.738645187288057059e-05 1.000000000000000000e+00
-2.154670710297068581e-06 -1.218685952153464314e-06 1.625748882361222059e-05 1.000000000000000000e+00
-2.369953335801255889e-06 -1.311806386183889117e-06 1.509608318883692846e-05 1.000000000000000000e+00
-2.558666665208875202e-06 -1.391717773913114797e-06 1.391105979564599693e-05 1.000000000000000000e+00
-2.721209057199303061e-06 -1.458701035517151468e-06 1.271086875931359828e-05 1.000000000000000000e+00
-2.858111656678374857e-06 -1.513098368377541192e-06 1.150357093138154596e-05 1.000000000000000000e+00
-2.970028390336665325e-06 -1.555307790113147348e-06 1.029680333886062726e-05 1.000000000000000000e+00
