3.919387459754943848e-01 2.008157372474670410e-01 5.321633219718933105e-01 7.230901718139648438e-01
3.918368816375732422e-01 2.020142823457717896e-01 5.328331589698791504e-01 7.223178148269653320e-01
3.912777304649353027e-01 2.031002938747406006e-01 5.330550074577331543e-01 7.221526503562927246e-01
3.902641832828521729e-01 2.040773481130599976e-01 5.328266620635986328e-01 7.225940227508544922e-01
3.887974023818969727e-01 2.049473226070404053e-01 5.321452021598815918e-01 7.236399054527282715e-01
3.868767321109771729e-01 2.057103216648101807e-01 5.310072302818298340e-01 7.252869009971618652e-01
3.845025002956390381e-01 2.063626050949096680e-01 5.294095277786254883e-01 7.275285720825195312e-01
3.816828131675720215e-01 2.068923413753509521e-01 5.273509025573730469e-01 7.303525805473327637e-01
3.784290254116058350e-01 2.072832733392715454e-01 5.248306989669799805e-01 7.337424159049987793e-01
3.747505843639373779e-01 2.075184583663940430e-01 5.218473672866821289e-01 7.376811504364013672e-01
3.706551790237426758e-01 2.075808793306350708e-01 5.183984637260437012e-01 7.421509027481079102e-01
3.661497831344604492e-01 2.074532210826873779e-01 5.144806504249572754e-01 7.471326589584350586e-01
3.612399995326995850e-01 2.071179747581481934e-01 5.100896954536437988e-01 7.526063323020935059e-01
3.559307456016540527e-01 2.065577656030654907e-01 5.052203536033630371e-01 7.585510015487670898e-01
3.502262830734252930e-01 2.057548612356185913e-01 4.998667836189270020e-01 7.649443149566650391e-01
3.441306352615356445e-01 2.046916186809539795e-01 4.940222203731536865e-01 7.717626690864562988e-01
3.376480042934417725e-01 2.033507227897644043e-01 4.876791238784790039e-01 7.789810299873352051e-01
3.307827711105346680e-01 2.017152011394500732e-01 4.808292090892791748e-01 7.865729928016662598e-01
3.235397636890411377e-01 1.997685730457305908e-01 4.734634160995483398e-01 7.945104837417602539e-01
3.159248530864715576e-01 1.974951922893524170e-01 4.655718207359313965e-01 8.027639389038085938e-01
3.079453706741333008e-01 1.948804110288619995e-01 4.571441411972045898e-01 8.113018274307250977e-01
2.996092438697814941e-01 1.919106245040893555e-01 4.481691420078277588e-01 8.200908899307250977e-01
2.909253537654876709e-01 1.885737478733062744e-01 4.386354684829711914e-01 8.290967345237731934e-01
2.819050848484039307e-01 1.848595291376113892e-01 4.285308420658111572e-01 8.382827043533325195e-01
2.725622355937957764e-01 1.807596683502197266e-01 4.178430438041687012e-01 8.476101160049438477e-01
2.629121243953704834e-01 1.762680262327194214e-01 4.065596163272857666e-01 8.570391535758972168e-01
2.529721260070800781e-01 1.713809072971343994e-01 3.946677446365356445e-01 8.665281534194946289e-01
2.427624911069869995e-01 1.660973578691482544e-01 3.821552693843841553e-01 8.760339617729187012e-01
2.323050200939178467e-01 1.604198068380355835e-01 3.690097033977508545e-01 8.855121135711669922e-01
2.216180413961410522e-01 1.543624550104141235e-01 3.552515208721160889e-01 8.949045538902282715e-01
2.107179909944534302e-01 1.479508429765701294e-01 3.409363031387329102e-01 9.041410088539123535e-01
1.996232569217681885e-01 1.412164121866226196e-01 3.261324763298034668e-01 9.131518006324768066e-01
1.883563101291656494e-01 1.341946423053741455e-01 3.109135031700134277e-01 9.218711853027343750e-01
1.769446432590484619e-01 1.269242167472839355e-01 2.953573465347290039e-01 9.302391409873962402e-01
1.654198616743087769e-01 1.194470152258872986e-01 2.795457243919372559e-01 9.382020235061645508e-01
1.538180410861968994e-01 1.118069961667060852e-01 2.635632157325744629e-01 9.457132816314697266e-01
1.421791911125183105e-01 1.040501445531845093e-01 2.474963217973709106e-01 9.527351856231689453e-01
1.305464804172515869e-01 9.622374176979064941e-02 2.314310967922210693e-01 9.592384099960327148e-01
1.189657002687454224e-01 8.837557584047317505e-02 2.154528796672821045e-01 9.652031660079956055e-01
1.074852645397186279e-01 8.055313676595687866e-02 1.996440440416336060e-01 9.706186056137084961e-01
9.615493565797805786e-02 7.280281931161880493e-02 1.840837746858596802e-01 9.754831194877624512e-01
8.502479642629623413e-02 6.516970694065093994e-02 1.688464581966400146e-01 9.798033237457275391e-01
7.414478063583374023e-02 5.769672617316246033e-02 1.540005803108215332e-01 9.835941195487976074e-01
6.356352567672729492e-02 5.042363703250885010e-02 1.396082341670989990e-01 9.868772625923156738e-01
5.332789197564125061e-02 4.338730499148368835e-02 1.257245242595672607e-01 9.896802902221679688e-01
4.348225519061088562e-02 3.662050887942314148e-02 1.123855561017990112e-01 9.920371770858764648e-01
3.406801074743270874e-02 3.015176579356193542e-02 9.960687905550003052e-02 9.939863085746765137e-01
2.512149512767791748e-02 2.400519512593746185e-02 8.739697188138961792e-02 9.955674409866333008e-01
1.667290553450584412e-02 1.820072717964649200e-02 7.576312124729156494e-02 9.968203306198120117e-01
8.746953681111335754e-03 1.275463588535785675e-02 6.471161544322967529e-02 9.977841973304748535e-01
1.363117364235222340e-03 7.679466623812913895e-03 5.424766615033149719e-02 9.984970688819885254e-01
-5.464364308863878250e-03 2.984041348099708557e-03 4.437557980418205261e-02 9.989955425262451172e-01
-1.172638777643442154e-02 -1.326732570305466652e-03 3.509875014424324036e-02 9.993141889572143555e-01
-1.741866022348403931e-02 -5.251222290098667145e-03 2.641976810991764069e-02 9.994854331016540527e-01
-2.254162728786468506e-02 -8.790751919150352478e-03 1.834055408835411072e-02 9.995390176773071289e-01
-2.709988318383693695e-02 -1.194982416927814484e-02 1.086241658776998520e-02 9.995023608207702637e-01
-3.110181353986263275e-02 -1.473581325262784958e-02 3.986173309385776520e-03 9.993996620178222656e-01
-3.455952182412147522e-02 -1.715836301445960999e-02 -2.287756418809294701e-03 9.992527365684509277e-01
-3.748834505677223206e-02 -1.922942325472831726e-02 -7.959260605275630951e-03 9.990804195404052734e-01
-3.990666568279266357e-02 -2.096301876008510590e-02 -1.302845869213342667e-02 9.988985657691955566e-01
-4.183547571301460266e-02 -2.237488701939582825e-02 -1.749562844634056091e-02 9.987207651138305664e-01
-4.329770803451538086e-02 -2.348219230771064758e-02 -2.136114984750747681e-02 9.985577464103698730e-01
-4.431815072894096375e-02 -2.430360764265060425e-02 -2.462546341121196747e-02 9.984182119369506836e-01
-4.492355883121490479e-02 -2.485783398151397705e-02 -2.729784511029720306e-02 9.983080029487609863e-01
-4.514265060424804688e-02 -2.516362071037292480e-02 -2.941153757274150848e-02 9.982303977012634277e-01
-4.500586912035942078e-02 -2.524027228355407715e-02 -3.101212717592716217e-02 9.981862306594848633e-01
-4.454500973224639893e-02 -2.510759420692920685e-02 -3.214482590556144714e-02 9.981744289398193359e-01
-4.379273205995559692e-02 -2.478566765785217285e-02 -3.285378962755203247e-02 9.981926679611206055e-01
-4.278172180056571960e-02 -2.429470978677272797e-02 -3.318204358220100403e-02 9.982376694679260254e-01
-4.154467210173606873e-02 -2.365479804575443268e-02 -3.317125514149665833e-02 9.983056783676147461e-01
-4.011343047022819519e-02 -2.288533560931682587e-02 -3.286153823137283325e-02 9.983923435211181641e-01
-3.851849213242530823e-02 -2.200504951179027557e-02 -3.229149058461189270e-02 9.984935522079467773e-01
-3.678945451974868774e-02 -2.103210426867008209e-02 -3.149735555052757263e-02 9.986050724983215332e-01
-3.495437651872634888e-02 -1.998394727706909180e-02 -3.051325678825378418e-02 9.987231492996215820e-01
-3.303917124867439270e-02 -1.887651719152927399e-02 -2.937149815261363983e-02 9.988440275192260742e-01
-3.106790035963058472e-02 -1.772481203079223633e-02 -2.810212038457393646e-02 9.989649653434753418e-01
-2.906290814280509949e-02 -1.654273085296154022e-02 -2.673268504440784454e-02 9.990831613540649414e-01
-2.704427205026149750e-02 -1.534319389611482620e-02 -2.528836205601692200e-02 9.991965293884277344e-01
-2.502992376685142517e-02 -1.413787528872489929e-02 -2.379195392131805420e-02 9.993035197257995605e-01
-2.303594723343849182e-02 -1.293712574988603592e-02 -2.226439490914344788e-02 9.994029402732849121e-01
-2.107659727334976196e-02 -1.175054442137479782e-02 -2.072427980601787567e-02 9.994939565658569336e-01
-1.916431076824665070e-02 -1.058628596365451813e-02 -1.918773353099822998e-02 9.995761513710021973e-01
-1.730968989431858063e-02 -9.451428428292274475e-03 -1.766916364431381226e-02 9.996493458747863770e-01
-1.552135497331619263e-02 -8.352341130375862122e-03 -1.618113182485103607e-02 9.997137188911437988e-01
-1.380663737654685974e-02 -7.294530980288982391e-03 -1.473410148173570633e-02 9.997695684432983398e-01
-1.217121724039316177e-02 -6.282287184149026871e-03 -1.333695743232965469e-02 9.998173117637634277e-01
-1.061961334198713303e-02 -5.319111514836549759e-03 -1.199722010642290115e-02 9.998575448989868164e-01
-9.154812432825565338e-03 -4.407766740769147873e-03 -1.072063762694597244e-02 9.998909235000610352e-01
-7.779011037200689316e-03 -3.550183493643999100e-03 -9.511645883321762085e-03 9.999182224273681641e-01
-6.493520922958850861e-03 -2.747386693954467773e-03 -8.373576216399669647e-03 9.999400973320007324e-01
-5.298684351146221161e-03 -2.000153297558426857e-03 -7.308732718229293823e-03 9.999572634696960449e-01
-4.194005858153104782e-03 -1.308804377913475037e-03 -6.318153347820043564e-03 9.999704360961914062e-01
-3.178098937496542931e-03 -6.729766028001904488e-04 -5.402089096605777740e-03 9.999802112579345703e-01
-2.249072305858135223e-03 -9.192284051096066833e-05 -4.560277331620454788e-03 9.999870657920837402e-01
-1.404758892022073269e-03 4.356171994004398584e-04 -3.791577881202101707e-03 9.999917745590209961e-01
-6.424995954148471355e-04 9.113522246479988098e-04 -3.094440791755914688e-03 9.999946355819702148e-01
4.075162360095418990e-05 1.336815766990184784e-03 -2.466750098392367363e-03 9.999960660934448242e-01
6.484746118076145649e-04 1.714017242193222046e-03 -1.905600307509303093e-03 9.999965429306030273e-01
1.184343942441046238e-03 2.044923836365342140e-03 -1.408268697559833527e-03 9.999962449073791504e-01
1.651861588470637798e-03 2.331779105588793755e-03 -9.719352819956839085e-04 9.999954104423522949e-01
2.054859418421983719e-03 2.577248960733413696e-03 -5.933174397796392441e-04 9.999943971633911133e-01
2.397376578301191330e-03 2.783854957669973373e-03 -2.689811517484486103e-04 9.999932646751403809e-01
2.683362457901239395e-03 2.953990129753947258e-03 4.740861186292022467e-06 9.999920725822448730e-01
2.916758880019187927e-03 3.090352518483996391e-03 2.311317366547882557e-04 9.999909996986389160e-01
3.101432695984840393e-03 3.195371478796005249e-03 4.137865034863352776e-04 9.999900460243225098e-01
3.241438651457428932e-03 3.271592082455754280e-03 5.562983569689095020e-04 9.999892711639404297e-01
3.340703435242176056e-03 3.321600612252950668e-03 6.622649380005896091e-04 9.999887347221374512e-01
3.402703907340764999e-03 3.347741207107901573e-03 7.352844695560634136e-04 9.999883174896240234e-01
3.430916229262948036e-03 3.352482104673981667e-03 7.785820052959024906e-04 9.999881982803344727e-01
3.428896656259894371e-03 3.338229842483997345e-03 7.951647858135402203e-04 9.999883174896240234e-01
3.400043351575732231e-03 3.307288978248834610e-03 7.879896438680589199e-04 9.999884366989135742e-01
3.347503952682018280e-03 3.261469770222902298e-03 7.601207471452653408e-04 9.999888539314270020e-01
3.274490591138601303e-03 3.202867694199085236e-03 7.143594557419419289e-04 9.999893307685852051e-01
3.183744614943861961e-03 3.133507445454597473e-03 6.532507832162082195e-04 9.999898076057434082e-01
3.077708883211016655e-03 3.055112669244408607e-03 5.792055162601172924e-04 9.999904632568359375e-01
2.959065372124314308e-03 2.969411201775074005e-03 4.945198306813836098e-04 9.999911189079284668e-01
2.830145880579948425e-03 2.877872437238693237e-03 4.013061115983873606e-04 9.999918341636657715e-01
2.693239366635680199e-03 2.781972987577319145e-03 3.013501700479537249e-04 9.999924302101135254e-01
2.550338394939899445e-03 2.683147555217146873e-03 1.961994130397215486e-04 9.999931454658508301e-01
2.403143793344497681e-03 2.582526532933115959e-03 8.764633821556344628e-05 9.999937415122985840e-01
2.253231825307011604e-03 2.480995142832398415e-03 -2.250332181574776769e-05 9.999944567680358887e-01
2.101986436173319817e-03 2.379656536504626274e-03 -1.332937390543520451e-04 9.999949336051940918e-01
1.950555015355348587e-03 2.279391745105385780e-03 -2.435052447253838181e-04 9.999955296516418457e-01
1.800089143216609955e-03 2.180865965783596039e-03 -3.521630133036524057e-04 9.999960064888000488e-01
1.651851693168282509e-03 2.084813080728054047e-03 -4.585333808790892363e-04 9.999964237213134766e-01
1.507046748884022236e-03 1.991574885323643684e-03 -5.619798903353512287e-04 9.999967217445373535e-01
1.366476528346538544e-03 1.901579555124044418e-03 -6.619118503294885159e-04 9.999970197677612305e-01
1.230748021043837070e-03 1.815385185182094574e-03 -7.576415664516389370e-04 9.999973177909851074e-01
1.100258668884634972e-03 1.733366516418755054e-03 -8.486369624733924866e-04 9.999976158142089844e-01
9.755858336575329304e-04 1.655643456615507603e-03 -9.347492596134543419e-04 9.999977946281433105e-01
8.568636840209364891e-04 1.582390046678483486e-03 -1.015905756503343582e-03 9.999979138374328613e-01
7.443695212714374065e-04 1.513889408670365810e-03 -1.091981073841452599e-03 9.999980330467224121e-01
6.383469444699585438e-04 1.450216979719698429e-03 -1.162833534181118011e-03 9.999980926513671875e-01
5.389804719015955925e-04 1.391309080645442009e-03 -1.228454289957880974e-03 9.999982118606567383e-01
4.464032244868576527e-04 1.337206573225557804e-03 -1.288859522901475430e-03 9.999982118606567383e-01
3.607129328884184361e-04 1.287676277570426464e-03 -1.344082294963300228e-03 9.999982118606567383e-01
2.817951608449220657e-04 1.242625527083873749e-03 -1.394021441228687763e-03 9.999982118606567383e-01
2.095137024298310280e-04 1.202066196128726006e-03 -1.439147978089749813e-03 9.999982118606567383e-01
1.436874590581282973e-04 1.165757188573479652e-03 -1.479699509218335152e-03 9.999982118606567383e-01
8.419551886618137360e-05 1.133573125116527081e-03 -1.515590469352900982e-03 9.999982118606567383e-01
3.081871545873582363e-05 1.105595845729112625e-03 -1.546861021779477596e-03 9.999982118606567383e-01
-1.682615402387455106e-05 1.081487047486007214e-03 -1.573688699863851070e-03 9.999982118606567383e-01
-5.896541551919654012e-05 1.060921698808670044e-03 -1.596286892890930176e-03 9.999982118606567383e-01
-9.575292642693966627e-05 1.043442287482321262e-03 -1.614957116544246674e-03 9.999982118606567383e-01
-1.274077221751213074e-04 1.028865808621048927e-03 -1.630168408155441284e-03 9.999982118606567383e-01
-1.542532263556495309e-04 1.017188187688589096e-03 -1.642130897380411625e-03 9.999982118606567383e-01
-1.766216155374422669e-04 1.008072169497609138e-03 -1.650833291932940483e-03 9.999980926513671875e-01
-1.949156139744445682e-04 1.001258264295756817e-03 -1.656422391533851624e-03 9.999980926513671875e-01
-2.094648662023246288e-04 9.966847719624638557e-04 -1.659252331592142582e-03 9.999980926513671875e-01
-2.204461052315309644e-04 9.944364428520202637e-04 -1.659825211390852928e-03 9.999980926513671875e-01
-2.279399486724287271e-04 9.943678742274641991e-04 -1.658478402532637119e-03 9.999980926513671875e-01
-2.323494554730132222e-04 9.959656745195388794e-04 -1.655462896451354027e-03 9.999980926513671875e-01
-2.340923674637451768e-04 9.989435784518718719e-04 -1.651365426369011402e-03 9.999981522560119629e-01
-2.333976153749972582e-04 1.002981560304760933e-03 -1.646290649659931660e-03 9.999980926513671875e-01
-2.305791858816519380e-04 1.007827697321772575e-03 -1.640207017771899700e-03 9.999981522560119629e-01
-2.259897300973534584e-04 1.013539731502532959e-03 -1.633209059946238995e-03 9.999982118606567383e-01
-2.198604925069957972e-04 1.020229537971317768e-03 -1.625330070964992046e-03 9.999982118606567383e-01
-2.122757869074121118e-04 1.027670106850564480e-03 -1.616600085981190205e-03 9.999982118606567383e-01
-2.035725046880543232e-04 1.035710913129150867e-03 -1.607231679372489452e-03 9.999982118606567383e-01
-1.940520451171323657e-04 1.044387812726199627e-03 -1.597422990016639233e-03 9.999982118606567383e-01
-1.839845208451151848e-04 1.053584390319883823e-03 -1.587364706210792065e-03 9.999982118606567383e-01
-1.735511759761720896e-04 1.063132309354841709e-03 -1.577302464284002781e-03 9.999982118606567383e-01
-1.628078462090343237e-04 1.072889426723122597e-03 -1.567412167787551880e-03 9.999982118606567383e-01
-1.517630444141104817e-04 1.082742237485945225e-03 -1.557726762257516384e-03 9.999982118606567383e-01
-1.405087241437286139e-04 1.092349761165678501e-03 -1.548252068459987640e-03 9.999982118606567383e-01
-1.291512453462928534e-04 1.101520843803882599e-03 -1.539029064588248730e-03 9.999982118606567383e-01
-1.177551530417986214e-04 1.110279932618141174e-03 -1.530015142634510994e-03 9.999982118606567383e-01
-1.064483512891456485e-04 1.118777552619576454e-03 -1.521168858744204044e-03 9.999982118606567383e-01
-9.540771134197711945e-05 1.127007650211453438e-03 -1.512571354396641254e-03 9.999982118606567383e-01
-8.468608575640246272e-05 1.134899444878101349e-03 -1.504299347288906574e-03 9.999982118606567383e-01
-7.438339525833725929e-05 1.142482738941907883e-03 -1.496401033364236355e-03 9.999982714653015137e-01
-6.456891424022614956e-05 1.149571267887949944e-03 -1.488833455368876457e-03 9.999982118606567383e-01
-5.524019434233196080e-05 1.156047568656504154e-03 -1.481591840274631977e-03 9.999982714653015137e-01
-4.636068842955864966e-05 1.162046217359602451e-03 -1.474868273362517357e-03 9.999982118606567383e-01
-3.795735392486676574e-05 1.167659880593419075e-03 -1.468737376853823662e-03 9.999982714653015137e-01
-3.008174644492100924e-05 1.172897638753056526e-03 -1.463168417103588581e-03 9.999983310699462891e-01
-2.266439878439996392e-05 1.177725964225828648e-03 -1.458187121897935867e-03 9.999983310699462891e-01
-1.571062239236198366e-05 1.182128908112645149e-03 -1.453807926736772060e-03 9.999983310699462891e-01
-9.299948942498303950e-06 1.186111476272344589e-03 -1.450016279704868793e-03 9.999983310699462891e-01
-3.322915290482342243e-06 1.189613249152898788e-03 -1.446712878532707691e-03 9.999983310699462891e-01
2.319671011719037779e-06 1.192584400996565819e-03 -1.443850691430270672e-03 9.999983310699462891e-01
7.599789569212589413e-06 1.195065095089375973e-03 -1.441447297111153603e-03 9.999983310699462891e-01
1.252038600796367973e-05 1.197103527374565601e-03 -1.439637737348675728e-03 9.999983310699462891e-01
1.705006616248283535e-05 1.198744401335716248e-03 -1.438409206457436085e-03 9.999983310699462891e-01
2.115877759933937341e-05 1.200028927996754646e-03 -1.437662402167916298e-03 9.999983310699462891e-01
2.489675716788042337e-05 1.200974336825311184e-03 -1.437391852959990501e-03 9.999983310699462891e-01
2.830949233612045646e-05 1.201584236696362495e-03 -1.437661936506628990e-03 9.999983310699462891e-01
3.128906973870471120e-05 1.201832084916532040e-03 -1.438151113688945770e-03 9.999983310699462891e-01
3.379863483132794499e-05 1.201755600050091743e-03 -1.438662642613053322e-03 9.999983310699462891e-01
3.576373637770302594e-05 1.201360602863132954e-03 -1.439146930351853371e-03 9.999983310699462891e-01
3.727511648321524262e-05 1.200757222250103951e-03 -1.439558691345155239e-03 9.999983310699462891e-01
3.840753561235032976e-05 1.200027996674180031e-03 -1.439904444850981236e-03 9.999983310699462891e-01
3.924049087800085545e-05 1.199231017380952835e-03 -1.440263353288173676e-03 9.999983310699462891e-01
3.985180956078693271e-05 1.198399695567786694e-03 -1.440676045604050159e-03 9.999983310699462891e-01
4.025519956485368311e-05 1.197542995214462280e-03 -1.441156840883195400e-03 9.999983310699462891e-01
4.046249159728176892e-05 1.196674071252346039e-03 -1.441725180484354496e-03 9.999983310699462891e-01
4.049172639497555792e-05 1.195716205984354019e-03 -1.442371867597103119e-03 9.999983310699462891e-01
4.034334415337070823e-05 1.194693264551460743e-03 -1.443105633370578289e-03 9.999983310699462891e-01
4.001959678134880960e-05 1.193579984828829765e-03 -1.443915301933884621e-03 9.999983310699462891e-01
3.951930193579755723e-05 1.192395342513918877e-03 -1.444796565920114517e-03 9.999983310699462891e-01
3.880056465277448297e-05 1.191176474094390869e-03 -1.445764559321105480e-03 9.999983310699462891e-01
3.785689841606654227e-05 1.189924660138785839e-03 -1.446804148145020008e-03 9.999983310699462891e-01
3.673987521324306726e-05 1.188674592413008213e-03 -1.447886228561401367e-03 9.999983310699462891e-01
3.547705273376777768e-05 1.187435933388769627e-03 -1.449016737751662731e-03 9.999983310699462891e-01
3.403888331376947463e-05 1.186184352263808250e-03 -1.450181473046541214e-03 9.999983310699462891e-01
3.244986874051392078e-05 1.184909720905125141e-03 -1.451367163099348545e-03 9.999983310699462891e-01
3.076184293604455888e-05 1.183623448014259338e-03 -1.452567055821418762e-03 9.999983310699462891e-01
2.903584027080796659e-05 1.182320178486406803e-03 -1.453759265132248402e-03 9.999983310699462891e-01
2.731900349317584187e-05 1.181017258204519749e-03 -1.454930286854505539e-03 9.999983310699462891e-01
2.556701838329900056e-05 1.179751125164330006e-03 -1.456092810258269310e-03 9.999983310699462891e-01
2.376557858951855451e-05 1.178488018922507763e-03 -1.457207137718796730e-03 9.999983310699462891e-01
2.190821942349430174e-05 1.177182653918862343e-03 -1.458274549804627895e-03 9.999983310699462891e-01
2.001692155317869037e-05 1.175828976556658745e-03 -1.459272578358650208e-03 9.999983310699462891e-01
1.815719042497221380e-05 1.174592296592891216e-03 -1.460184575989842415e-03 9.999983310699462891e-01
1.635770422581117600e-05 1.173636526800692081e-03 -1.461044535972177982e-03 9.999983310699462891e-01
1.460569365008268505e-05 1.172756310552358627e-03 -1.461908221244812012e-03 9.999983310699462891e-01
1.296272148465504870e-05 1.171790063381195068e-03 -1.462822547182440758e-03 9.999983310699462891e-01
1.146831255027791485e-05 1.170741743408143520e-03 -1.463750959374010563e-03 9.999983310699462891e-01
1.021534262690693140e-05 1.169754541479051113e-03 -1.464465283788740635e-03 9.999983310699462891e-01
9.194718586513772607e-06 1.168838003650307655e-03 -1.465008477680385113e-03 9.999983310699462891e-01
8.229751074395608157e-06 1.167950220406055450e-03 -1.465486478991806507e-03 9.999983310699462891e-01
7.237168119900161400e-06 1.167115522548556328e-03 -1.465883571654558182e-03 9.999983310699462891e-01
6.252387720451224595e-06 1.166304689832031727e-03 -1.466246787458658218e-03 9.999983310699462891e-01
5.396016604208853096e-06 1.165487454272806644e-03 -1.466585556045174599e-03 9.999983310699462891e-01
4.731537046609446406e-06 1.164659741334617138e-03 -1.466887886635959148e-03 9.999983310699462891e-01
4.128598448005504906e-06 1.163857406936585903e-03 -1.467060181312263012e-03 9.999983310699462891e-01
3.555559942469699308e-06 1.163086970336735249e-03 -1.467054127715528011e-03 9.999983310699462891e-01
3.100103185715852305e-06 1.162303844466805458e-03 -1.466921996325254440e-03 9.999983310699462891e-01
2.678892769836238585e-06 1.161602791398763657e-03 -1.466598361730575562e-03 9.999983310699462891e-01
2.273764266647049226e-06 1.160990330390632153e-03 -1.466135028749704361e-03 9.999983310699462891e-01
1.915229177029686980e-06 1.160372165031731129e-03 -1.465667621232569218e-03 9.999983310699462891e-01
1.557778205096838064e-06 1.159738865680992603e-03 -1.465221517719328403e-03 9.999983310699462891e-01
1.171501480712322518e-06 1.159107778221368790e-03 -1.464780885726213455e-03 9.999983310699462891e-01
7.538342856605595443e-07 1.158480765298008919e-03 -1.464341068640351295e-03 9.999983310699462891e-01
4.135280278205755167e-07 1.157849212177097797e-03 -1.463952241465449333e-03 9.999983310699462891e-01
1.197869607949542115e-07 1.157280756160616875e-03 -1.463579712435603142e-03 9.999983310699462891e-01
-1.950328680777602131e-07 1.156791113317012787e-03 -1.463182736188173294e-03 9.999983310699462891e-01
-5.301180294736695942e-07 1.156357931904494762e-03 -1.462764455936849117e-03 9.999983310699462891e-01
-8.542739919903397094e-07 1.156019861809909344e-03 -1.462276675738394260e-03 9.999983310699462891e-01
-1.185936525871511549e-06 1.155752688646316528e-03 -1.461756881326436996e-03 9.999983310699462891e-01
-1.413127961313875858e-06 1.155546517111361027e-03 -1.461323467083275318e-03 9.999983310699462891e-01
-1.425181153535959311e-06 1.155417878180742264e-03 -1.460956409573554993e-03 9.999983310699462891e-01
-1.309199546994932462e-06 1.155360601842403412e-03 -1.460606930777430534e-03 9.999983310699462891e-01
-1.131508724938612431e-06 1.155369332991540432e-03 -1.460272935219109058e-03 9.999983310699462891e-01
-9.004085086417035200e-07 1.155415549874305725e-03 -1.459960825741291046e-03 9.999983310699462891e-01
-6.214467020981828682e-07 1.155480160377919674e-03 -1.459674444049596786e-03 9.999983310699462891e-01
-2.894752810789213981e-07 1.155600068159401417e-03 -1.459393184632062912e-03 9.999983310699462891e-01
4.657239571770332986e-08 1.155783422291278839e-03 -1.459113205783069134e-03 9.999983310699462891e-01
4.208311281672649784e-07 1.155973179265856743e-03 -1.458856626413762569e-03 9.999983310699462891e-01
8.850917083691456355e-07 1.156138372607529163e-03 -1.458622049540281296e-03 9.999983310699462891e-01
1.445078851247671992e-06 1.156282960437238216e-03 -1.458408660255372524e-03 9.999983310699462891e-01
2.081416141663794406e-06 1.156440819613635540e-03 -1.458266866393387318e-03 9.999983310699462891e-01
2.790817688946845010e-06 1.156620797701179981e-03 -1.458226121030747890e-03 9.999983310699462891e-01
3.555182956915814430e-06 1.156835700385272503e-03 -1.458263956010341644e-03 9.999983310699462891e-01
4.348265065345913172e-06 1.157094957306981087e-03 -1.458369661122560501e-03 9.999983310699462891e-01
5.172485089133260772e-06 1.157397404313087463e-03 -1.458542421460151672e-03 9.999983310699462891e-01
5.965431228105444461e-06 1.157673308625817299e-03 -1.458723447285592556e-03 9.999983310699462891e-01
6.706016392854508013e-06 1.157949678599834442e-03 -1.458905753679573536e-03 9.999983310699462891e-01
7.400268714263802394e-06 1.158273895271122456e-03 -1.459092134609818459e-03 9.999983310699462891e-01
8.015137609618250281e-06 1.158563303761184216e-03 -1.459184568375349045e-03 9.999983310699462891e-01
8.546498065697960556e-06 1.158842118456959724e-03 -1.459203427657485008e-03 9.999983310699462891e-01
8.946271009335760027e-06 1.159165287390351295e-03 -1.459147548303008080e-03 9.999983310699462891e-01
9.171980309474747628e-06 1.159530715085566044e-03 -1.458974671550095081e-03 9.999983310699462891e-01
9.279164260078687221e-06 1.159946899861097336e-03 -1.458747661672532558e-03 9.999983310699462891e-01
9.307434083893895149e-06 1.160426065325737000e-03 -1.458519720472395420e-03 9.999983310699462891e-01
9.256119483325164765e-06 1.160967280156910419e-03 -1.458294689655303955e-03 9.999983310699462891e-01
9.104803211812395602e-06 1.161573571152985096e-03 -1.458055572584271431e-03 9.999983310699462891e-01
8.850342055666260421e-06 1.162252621725201607e-03 -1.457808772101998329e-03 9.999983310699462891e-01
8.524644727003760636e-06 1.163022709079086781e-03 -1.457559643313288689e-03 9.999983310699462891e-01
8.190569133148528636e-06 1.163908629678189754e-03 -1.457341364584863186e-03 9.999983310699462891e-01
7.869218279665801674e-06 1.164879184216260910e-03 -1.457160571590065956e-03 9.999983310699462891e-01
7.554202511528274044e-06 1.165907480753958225e-03 -1.457004924304783344e-03 9.999983310699462891e-01
7.231498329929308966e-06 1.166978385299444199e-03 -1.456861966289579868e-03 9.999983310699462891e-01
6.892099008837249130e-06 1.168090151622891426e-03 -1.456713420338928699e-03 9.999983310699462891e-01
6.536243290611309931e-06 1.169248484075069427e-03 -1.456552534364163876e-03 9.999983310699462891e-01
6.182098786666756496e-06 1.170418574474751949e-03 -1.456312718801200390e-03 9.999983310699462891e-01
5.800360668217763305e-06 1.171593903563916683e-03 -1.455999910831451416e-03 9.999983310699462891e-01
5.409917321230750531e-06 1.172800548374652863e-03 -1.455699792131781578e-03 9.999983310699462891e-01
5.011914254282601178e-06 1.174043747596442699e-03 -1.455444260500371456e-03 9.999983310699462891e-01
4.582008841680362821e-06 1.175321522168815136e-03 -1.455222838558256626e-03 9.999983310699462891e-01
4.137920313951326534e-06 1.176632591523230076e-03 -1.455044606700539589e-03 9.999983310699462891e-01
3.686951231429702602e-06 1.177967409603297710e-03 -1.454897574149072170e-03 9.999983310699462891e-01
3.226395847377716564e-06 1.179321901872754097e-03 -1.454769517295062542e-03 9.999983310699462891e-01
2.802436483761994168e-06 1.180652878247201443e-03 -1.454717013984918594e-03 9.999983310699462891e-01
2.335595127078704536e-06 1.181890955194830894e-03 -1.454557292163372040e-03 9.999983310699462891e-01
1.900610982374928426e-06 1.183057902380824089e-03 -1.454355195164680481e-03 9.999983310699462891e-01
1.536816057523537893e-06 1.184142660349607468e-03 -1.454191282391548157e-03 9.999982714653015137e-01
1.187578504868724849e-06 1.185117173008620739e-03 -1.454015378840267658e-03 9.999982118606567383e-01
8.345279525201476645e-07 1.185964094474911690e-03 -1.453810371458530426e-03 9.999982714653015137e-01
4.900870180790661834e-07 1.186672016046941280e-03 -1.453578239306807518e-03 9.999982118606567383e-01
1.678866112797550159e-07 1.187241636216640472e-03 -1.453322940506041050e-03 9.999982714653015137e-01
-2.021881186919927131e-07 1.187722780741751194e-03 -1.452985452488064766e-03 9.999982118606567383e-01
-6.514733854601217899e-07 1.188157009892165661e-03 -1.452536205761134624e-03 9.999982714653015137e-01
-9.641497626944328658e-07 1.188536873087286949e-03 -1.452094409614801407e-03 9.999982118606567383e-01
-1.045058070303639397e-06 1.188847236335277557e-03 -1.451730146072804928e-03 9.999982714653015137e-01
-9.858750900093582459e-07 1.189080183394253254e-03 -1.451403833925724030e-03 9.999982118606567383e-01
-8.270124567388847936e-07 1.189236412756145000e-03 -1.451099989935755730e-03 9.999982714653015137e-01
-5.719332989428949077e-07 1.189347007311880589e-03 -1.450838288292288780e-03 9.999982118606567383e-01
-1.728434710912551964e-07 1.189402770251035690e-03 -1.450737356208264828e-03 9.999982714653015137e-01
3.611650072343763895e-07 1.189358648844063282e-03 -1.450768206268548965e-03 9.999982118606567383e-01
9.978875823435373604e-07 1.189243979752063751e-03 -1.450891606509685516e-03 9.999982714653015137e-01
1.725474703562213108e-06 1.189085887745022774e-03 -1.451101270504295826e-03 9.999982118606567383e-01
2.456774382153525949e-06 1.188863534480333328e-03 -1.451347139663994312e-03 9.999982714653015137e-01
3.137938620056957006e-06 1.188563182950019836e-03 -1.451607211492955685e-03 9.999982118606567383e-01
3.810118641922599636e-06 1.188218360766768456e-03 -1.451918622478842735e-03 9.999982714653015137e-01
4.499402166402433068e-06 1.187851419672369957e-03 -1.452304655686020851e-03 9.999982118606567383e-01
5.223667812970234081e-06 1.187471323646605015e-03 -1.452754135243594646e-03 9.999982714653015137e-01
5.896280981687596068e-06 1.187058747746050358e-03 -1.453181845135986805e-03 9.999982118606567383e-01
6.467967068601865321e-06 1.186610898002982140e-03 -1.453539822250604630e-03 9.999982714653015137e-01
6.951935120014240965e-06 1.186122652143239975e-03 -1.453832606784999371e-03 9.999982118606567383e-01
7.245130746014183387e-06 1.185551751405000687e-03 -1.453972305171191692e-03 9.999982714653015137e-01
7.352979082497768104e-06 1.184890978038311005e-03 -1.453980570659041405e-03 9.999982118606567383e-01
7.303038273676065728e-06 1.184136141091585159e-03 -1.453876844607293606e-03 9.999983310699462891e-01
7.087748144840588793e-06 1.183329499326646328e-03 -1.453685108572244644e-03 9.999983310699462891e-01
6.768794719391735271e-06 1.182559644803404808e-03 -1.453486620448529720e-03 9.999983310699462891e-01
6.396429853339213878e-06 1.181875355541706085e-03 -1.453308621421456337e-03 9.999983310699462891e-01
5.961468559689819813e-06 1.181271160021424294e-03 -1.453137723729014397e-03 9.999983310699462891e-01
5.524584139493526891e-06 1.180692808702588081e-03 -1.453046454116702080e-03 9.999983310699462891e-01
5.136402705829823390e-06 1.180104678496718407e-03 -1.453040866181254387e-03 9.999983310699462891e-01
4.788299975189147517e-06 1.179468701593577862e-03 -1.453134347684681416e-03 9.999983310699462891e-01
4.423710834089433774e-06 1.178846927359700203e-03 -1.453319797292351723e-03 9.999983310699462891e-01
4.078130132256774232e-06 1.178228762000799179e-03 -1.453640521503984928e-03 9.999983310699462891e-01
3.726074282894842327e-06 1.177658909000456333e-03 -1.454041455872356892e-03 9.999983310699462891e-01
3.413356125747668557e-06 1.177088124677538872e-03 -1.454481272958219051e-03 9.999983310699462891e-01
3.128024218312930316e-06 1.176442136056721210e-03 -1.454936340451240540e-03 9.999983310699462891e-01
2.821277348630246706e-06 1.175715355202555656e-03 -1.455366495065391064e-03 9.999983310699462891e-01
2.564099759183591232e-06 1.174927223473787308e-03 -1.455854857340455055e-03 9.999983310699462891e-01
2.374785026404424571e-06 1.174169825389981270e-03 -1.456458121538162231e-03 9.999983310699462891e-01
2.204266593253123574e-06 1.173416501842439175e-03 -1.457061734981834888e-03 9.999983310699462891e-01
2.106303782056784257e-06 1.172645250335335732e-03 -1.457708305679261684e-03 9.999983310699462891e-01
2.046601139227277599e-06 1.171838492155075073e-03 -1.458375947549939156e-03 9.999983310699462891e-01
1.956103915290441364e-06 1.170975971035659313e-03 -1.458910992369055748e-03 9.999983310699462891e-01
1.922335286508314312e-06 1.170095172710716724e-03 -1.459441962651908398e-03 9.999983310699462891e-01
1.952205593624967150e-06 1.169290975667536259e-03 -1.459729508496820927e-03 9.999983310699462891e-01
2.025220055656973273e-06 1.168617163784801960e-03 -1.459812745451927185e-03 9.999983310699462891e-01
2.153231434931512922e-06 1.168077578768134117e-03 -1.459879451431334019e-03 9.999983310699462891e-01
2.284678430441999808e-06 1.167608075775206089e-03 -1.459949649870395660e-03 9.999983310699462891e-01
2.370672063989331946e-06 1.167217502370476723e-03 -1.459977589547634125e-03 9.999983310699462891e-01
2.406877229077508673e-06 1.166942995041608810e-03 -1.459941151551902294e-03 9.999983310699462891e-01
2.375960093559115194e-06 1.166759524494409561e-03 -1.459847087971866131e-03 9.999983310699462891e-01
2.310915533598745242e-06 1.166645437479019165e-03 -1.459680031985044479e-03 9.999983310699462891e-01
2.252144895464880392e-06 1.166617730632424355e-03 -1.459457678720355034e-03 9.999983310699462891e-01
2.196736886617145501e-06 1.166648580692708492e-03 -1.459196326322853565e-03 9.999983310699462891e-01
2.138699073839234188e-06 1.166710397228598595e-03 -1.458895159885287285e-03 9.999983310699462891e-01
2.077613999063032679e-06 1.166780130006372929e-03 -1.458606449887156487e-03 9.999983310699462891e-01
2.013620587604236789e-06 1.166865462437272072e-03 -1.458312734030187130e-03 9.999983310699462891e-01
1.946997599588939920e-06 1.166981644928455353e-03 -1.457979204133152962e-03 9.999983310699462891e-01
1.883256004475697409e-06 1.167086418718099594e-03 -1.457641832530498505e-03 9.999983310699462891e-01
1.896664116429747082e-06 1.167208072729408741e-03 -1.457377453334629536e-03 9.999983310699462891e-01
2.010657226492185146e-06 1.167385373264551163e-03 -1.457219943404197693e-03 9.999983310699462891e-01
2.129675976902944967e-06 1.167605514638125896e-03 -1.457022386603057384e-03 9.999983310699462891e-01
2.201423967562732287e-06 1.167837064713239670e-03 -1.456724945455789566e-03 9.999983310699462891e-01
2.233889972558245063e-06 1.168053946457803249e-03 -1.456389087252318859e-03 9.999983310699462891e-01
2.285626578668598086e-06 1.168296555988490582e-03 -1.456124009564518929e-03 9.999983310699462891e-01
2.379908210059511475e-06 1.168585848063230515e-03 -1.455998863093554974e-03 9.999983310699462891e-01
2.550988938310183585e-06 1.168909133411943913e-03 -1.456014695577323437e-03 9.999983310699462891e-01
2.807666078297188506e-06 1.169255236163735390e-03 -1.456072903238236904e-03 9.999983310699462891e-01
3.073014568144571967e-06 1.169580733403563499e-03 -1.456020283512771130e-03 9.999983310699462891e-01
3.339504019095329568e-06 1.169836614280939102e-03 -1.455930061638355255e-03 9.999983310699462891e-01
3.639846454461803660e-06 1.170017174445092678e-03 -1.455899677239358425e-03 9.999983310699462891e-01
3.970818852394586429e-06 1.170119503512978554e-03 -1.455927034839987755e-03 9.999983310699462891e-01
4.323430857766652480e-06 1.170144882053136826e-03 -1.456015743315219879e-03 9.999983310699462891e-01
4.695890311268158257e-06 1.170098665170371532e-03 -1.456172089092433453e-03 9.999983310699462891e-01
5.073365173302590847e-06 1.169985975138843060e-03 -1.456396887078881264e-03 9.999983310699462891e-01
5.428736130852485076e-06 1.169802388176321983e-03 -1.456651254557073116e-03 9.999983310699462891e-01
5.653249445458641276e-06 1.169548020698130131e-03 -1.456743688322603703e-03 9.999983310699462891e-01
5.712846359529066831e-06 1.169319264590740204e-03 -1.456722849979996681e-03 9.999983310699462891e-01
5.651816536555998027e-06 1.169159193523228168e-03 -1.456692814826965332e-03 9.999983310699462891e-01
5.580548076977720484e-06 1.169055351056158543e-03 -1.456674537621438503e-03 9.999983310699462891e-01
5.480604613694595173e-06 1.169018913060426712e-03 -1.456657890230417252e-03 9.999983310699462891e-01
5.379140930017456412e-06 1.169045921415090561e-03 -1.456651254557073116e-03 9.999983310699462891e-01
5.293934009387157857e-06 1.169074792414903641e-03 -1.456669764593243599e-03 9.999983310699462891e-01
5.200628038437571377e-06 1.169069320894777775e-03 -1.456712023355066776e-03 9.999983310699462891e-01
5.054313533037202433e-06 1.169094699434936047e-03 -1.456754747778177261e-03 9.999983310699462891e-01
4.833907041756901890e-06 1.169169321656227112e-03 -1.456777798011898994e-03 9.999983310699462891e-01
4.560225534078199416e-06 1.169247436337172985e-03 -1.456775818951427937e-03 9.999983310699462891e-01
4.243210696586174890e-06 1.169309602119028568e-03 -1.456746947951614857e-03 9.999983310699462891e-01
3.937769179174210876e-06 1.169401453807950020e-03 -1.456714933738112450e-03 9.999983310699462891e-01
3.680505187730886973e-06 1.169553259387612343e-03 -1.456695841625332832e-03 9.999983310699462891e-01
3.465293048066087067e-06 1.169711584225296974e-03 -1.456702826544642448e-03 9.999983310699462891e-01
3.309187832201132551e-06 1.169880502857267857e-03 -1.456733327358961105e-03 9.999983310699462891e-01
3.201532535967999138e-06 1.170049188658595085e-03 -1.456783502362668514e-03 9.999983310699462891e-01
3.050649411306949332e-06 1.170233706943690777e-03 -1.456793979741632938e-03 9.999983310699462891e-01
2.885208459701971151e-06 1.170418225228786469e-03 -1.456792815588414669e-03 9.999983310699462891e-01
2.759271865215850994e-06 1.170541159808635712e-03 -1.456830068491399288e-03 9.999983310699462891e-01
2.740103809628635645e-06 1.170576317235827446e-03 -1.456952420994639397e-03 9.999983310699462891e-01
2.696165211091283709e-06 1.170514733530580997e-03 -1.456955098547041416e-03 9.999983310699462891e-01
2.627448338898830116e-06 1.170448958873748779e-03 -1.456865109503269196e-03 9.999983310699462891e-01
2.612188609418808483e-06 1.170379109680652618e-03 -1.456789788790047169e-03 9.999983310699462891e-01
2.650487431310466491e-06 1.170262694358825684e-03 -1.456719124689698219e-03 9.999983310699462891e-01
2.730842879827832803e-06 1.170113333500921726e-03 -1.456626341678202152e-03 9.999983310699462891e-01
2.921532768596080132e-06 1.169914496131241322e-03 -1.456563593819737434e-03 9.999983310699462891e-01
3.181605961799505167e-06 1.169665134511888027e-03 -1.456575118936598301e-03 9.999983310699462891e-01
3.428832997087738477e-06 1.169351860880851746e-03 -1.456614932976663113e-03 9.999983310699462891e-01
3.651296538009773940e-06 1.168970717117190361e-03 -1.456694910302758217e-03 9.999983310699462891e-01
3.903652668668655679e-06 1.168589107692241669e-03 -1.456886762753129005e-03 9.999983310699462891e-01
4.165777227171929553e-06 1.168171991594135761e-03 -1.457139151170849800e-03 9.999983310699462891e-01
4.417136551637668163e-06 1.167678390629589558e-03 -1.457427279092371464e-03 9.999983310699462891e-01
4.616342721419641748e-06 1.167154521681368351e-03 -1.457741018384695053e-03 9.999983310699462891e-01
4.728328804048942402e-06 1.166645903140306473e-03 -1.457997714169323444e-03 9.999983310699462891e-01
