-2.000000094994902611e-03 -2.000000094994902611e-03 -2.000000094994902611e-03
-2.000000094994902611e-03 -2.000000094994902611e-03 -2.000000094994902611e-03
-2.000000094994902611e-03 -2.000000094994902611e-03 -2.000000094994902611e-03
-2.000000094994902611e-03 -2.000000094994902611e-03 -2.000000094994902611e-03
-2.000000094994902611e-03 -2.000000094994902611e-03 -2.000000094994902611e-03
-2.000000094994902611e-03 -2.000000094994902611e-03 -2.000000094994902611e-03
-2.000000094994902611e-03 -2.000000094994902611e-03 -2.000000094994902611e-03
-2.000000094994902611e-03 -2.000000094994902611e-03 -2.000000094994902611e-03
-2.000000094994902611e-03 -2.000000094994902611e-03 -2.000000094994902611e-03
-2.000000094994902611e-03 -2.000000094994902611e-03 -2.000000094994902611e-03
-2.000000094994902611e-03 -1.894198474474251270e-03 -2.000000094994902611e-03
-2.000000094994902611e-03 -1.766257104463875294e-03 -2.000000094994902611e-03
-2.000000094994902611e-03 -1.642568269744515419e-03 -2.000000094994902611e-03
-2.000000094994902611e-03 -1.522907172329723835e-03 -2.000000094994902611e-03
-2.000000094994902611e-03 -1.407048432156443596e-03 -2.000000094994902611e-03
-2.000000094994902611e-03 -1.294767367653548717e-03 -2.000000094994902611e-03
-2.000000094994902611e-03 -1.185849076136946678e-03 -2.000000094994902611e-03
-2.000000094994902611e-03 -1.080090994946658611e-03 -2.000000094994902611e-03
-2.000000094994902611e-03 -9.773098863661289215e-04 -2.000000094994902611e-03
-2.000000094994902611e-03 -8.773443405516445637e-04 -2.000000094994902611e-03
-2.000000094994902611e-03 -7.800591993145644665e-04 -2.000000094994902611e-03
-1.723500550724565983e-03 -6.853457307443022728e-04 -2.000000094994902611e-03
-1.443219487555325031e-03 -5.927035235799849033e-04 -2.000000094994902611e-03
-1.166576868854463100e-03 -5.014150519855320454e-04 -2.000000094994902611e-03
-8.940498228184878826e-04 -4.108652647119015455e-04 -2.000000094994902611e-03
-6.262551178224384785e-04 -3.205527027603238821e-04 -2.000000094994902611e-03
-3.639350179582834244e-04 -2.300911583006381989e-04 -2.000000094994902611e-03
-1.079512658179737628e-04 -1.392137492075562477e-04 -2.000000094994902611e-03
1.407375530106946826e-04 -4.777215872309170663e-05 -2.000000094994902611e-03
3.811003407463431358e-04 4.426189480000175536e-05 -2.000000094994902611e-03
6.120571633800864220e-04 1.368004741379991174e-04 -2.000000094994902611e-03
8.324983646161854267e-04 2.296385937370359898e-04 -2.000000094994902611e-03
1.041318057104945183e-03 3.224673564545810223e-04 -2.000000094994902611e-03
1.237443648278713226e-03 4.148737061768770218e-04 -2.000000094994902611e-03
1.419854233972728252e-03 5.063551943749189377e-04 -1.853378140367567539e-03
1.587659120559692383e-03 5.963057046756148338e-04 -1.428613788448274136e-03
1.740155159495770931e-03 6.840198766440153122e-04 -1.009995816275477409e-03
1.876748749054968357e-03 7.687420584261417389e-04 -5.998474662192165852e-04
1.996922539547085762e-03 8.497207309119403362e-04 -2.005809510592371225e-04
2.000000094994902611e-03 9.262269013561308384e-04 1.853655412560328841e-04
2.000000094994902611e-03 9.975064313039183617e-04 5.556177347898483276e-04
2.000000094994902611e-03 1.062852563336491585e-03 9.079223382286727428e-04
2.000000094994902611e-03 1.121677341870963573e-03 1.240187440998852253e-03
2.000000094994902611e-03 1.173518016003072262e-03 1.550541957840323448e-03
2.000000094994902611e-03 1.218038494698703289e-03 1.837372314184904099e-03
2.000000094994902611e-03 1.255027833394706249e-03 2.000000094994902611e-03
2.000000094994902611e-03 1.284371945075690746e-03 2.000000094994902611e-03
2.000000094994902611e-03 1.306017511524260044e-03 2.000000094994902611e-03
2.000000094994902611e-03 1.319984789006412029e-03 2.000000094994902611e-03
2.000000094994902611e-03 1.326379599049687386e-03 2.000000094994902611e-03
2.000000094994902611e-03 1.325384248048067093e-03 2.000000094994902611e-03
2.000000094994902611e-03 1.317246234975755215e-03 2.000000094994902611e-03
2.000000094994902611e-03 1.302268938161432743e-03 2.000000094994902611e-03
2.000000094994902611e-03 1.280801952816545963e-03 2.000000094994902611e-03
2.000000094994902611e-03 1.253230380825698376e-03 2.000000094994902611e-03
2.000000094994902611e-03 1.219967845827341080e-03 2.000000094994902611e-03
1.981123350560665131e-03 1.181446132250130177e-03 2.000000094994902611e-03
1.862628967501223087e-03 1.138115534558892250e-03 2.000000094994902611e-03
1.740088686347007751e-03 1.090471749193966389e-03 2.000000094994902611e-03
1.614592853002250195e-03 1.039044000208377838e-03 2.000000094994902611e-03
1.487163244746625423e-03 9.843666339293122292e-04 2.000000094994902611e-03
1.358750625513494015e-03 9.269760339520871639e-04 2.000000094994902611e-03
1.230234163813292980e-03 8.674025884829461575e-04 2.000000094994902611e-03
1.102421432733535767e-03 8.061676635406911373e-04 2.000000094994902611e-03
9.760470711626112461e-04 7.437779568135738373e-04 2.000000094994902611e-03
8.517764508724212646e-04 6.807219469919800758e-04 2.000000094994902611e-03
7.302079466171562672e-04 6.174670998007059097e-04 2.000000094994902611e-03
6.118730525486171246e-04 5.544557352550327778e-04 2.000000094994902611e-03
4.972421447746455669e-04 4.921038635075092316e-04 2.000000094994902611e-03
3.867251798510551453e-04 4.307984490878880024e-04 2.000000094994902611e-03
2.806764387059956789e-04 3.708957228809595108e-04 2.000000094994902611e-03
1.793976698536425829e-04 3.127205127384513617e-04 2.000000094994902611e-03
8.313990838360041380e-05 2.565641480032354593e-04 2.000000094994902611e-03
-7.891912900959141552e-06 2.026856673182919621e-04 2.000000094994902611e-03
-9.353562199976295233e-05 1.513101160526275635e-04 2.000000094994902611e-03
-1.736698177410289645e-04 1.026297613861970603e-04 2.000000094994902611e-03
-2.482102427165955305e-04 5.680363756255246699e-05 2.000000094994902611e-03
-3.171056450810283422e-04 1.395930394210154191e-05 2.000000094994902611e-03
-3.803363651968538761e-04 -2.580731052148621529e-05 2.000000094994902611e-03
-4.379112797323614359e-04 -6.242971721803769469e-05 2.000000094994902611e-03
-4.898644401691854000e-04 -9.587016393197700381e-05 2.000000094994902611e-03
-5.362535011954605579e-04 -1.261177530977874994e-04 2.000000094994902611e-03
-5.771571886725723743e-04 -1.531869347672909498e-04 2.000000094994902611e-03
-6.126724765636026859e-04 -1.771156239556148648e-04 2.000000094994902611e-03
-6.429135100916028023e-04 -1.979633670998737216e-04 2.000000094994902611e-03
-6.680093938484787941e-04 -2.158093848265707493e-04 2.000000094994902611e-03
-6.881025619804859161e-04 -2.307505783392116427e-04 2.000000094994902611e-03
-7.033479050733149052e-04 -2.428998122923076153e-04 1.828325563110411167e-03
-7.139127701520919800e-04 -2.523792791180312634e-04 1.581389573402702808e-03
-7.199778920039534569e-04 -2.593138779047876596e-04 1.338958856649696827e-03
-7.217358215712010860e-04 -2.638308214955031872e-04 1.102079404518008232e-03
-7.193898200057446957e-04 -2.660609025042504072e-04 8.717366727069020271e-04
-7.131536840461194515e-04 -2.661380276549607515e-04 6.488492945209145546e-04
-7.032522116787731647e-04 -2.641997125465422869e-04 4.342725442256778479e-04
-6.899194559082388878e-04 -2.603861503303050995e-04 2.287902607349678874e-04
-6.733989575877785683e-04 -2.548405609559267759e-04 3.311345062684267759e-05
-6.539420573972165585e-04 -2.477080561220645905e-04 -1.521251397207379341e-04
-6.318073137663304806e-04 -2.391355083091184497e-04 -3.263744292780756950e-04
-6.072582909837365150e-04 -2.292706485604867339e-04 -4.891658318229019642e-04
-5.805621040053665638e-04 -2.182611351599916816e-04 -6.401203572750091553e-04
-5.519876722246408463e-04 -2.062537823803722858e-04 -7.789461524225771427e-04
-5.218039150349795818e-04 -1.933938765432685614e-04 -9.054383845068514347e-04
-4.902771324850618839e-04 -1.798237644834443927e-04 -1.019482617266476154e-03
-4.576700448524206877e-04 -1.656825479585677385e-04 -1.121048699133098125e-03
-4.242388822603970766e-04 -1.511046866653487086e-04 -1.210190006531774998e-03
-3.902323660440742970e-04 -1.362196780974045396e-04 -1.287039602175354958e-03
-3.558897005859762430e-04 -1.211507697007618845e-04 -1.351804938167333603e-03
-3.214392345398664474e-04 -1.060149952536448836e-04 -1.404762268066406250e-03
-2.870973839890211821e-04 -9.092225081985816360e-05 -1.446250709705054760e-03
-2.530674682930111885e-04 -7.597519288538023829e-05 -1.476667588576674461e-03
-2.195387351093813777e-04 -6.126845255494117737e-05 -1.496460055932402611e-03
-1.866858074208721519e-04 -4.688885746872983873e-05 -1.506117638200521469e-03
-1.546688290545716882e-04 -3.291508619440719485e-05 -1.506168860942125320e-03
-1.236324169440194964e-04 -1.941801383509300649e-05 -1.497171935625374317e-03
-9.370622865390032530e-05 -6.460295480792410672e-06 -1.479708938859403133e-03
-6.500508607132360339e-05 5.903071723878383636e-06 -1.454380922950804234e-03
-3.762860796996392310e-05 1.762488318490795791e-05 -1.421801513060927391e-03
-1.166225138149457052e-05 2.866523573175072670e-05 -1.382591901347041130e-03
1.282237371924566105e-05 3.899140574503690004e-05 -1.337376190349459648e-03
3.576745803002268076e-05 4.857743988395668566e-05 -1.286777202039957047e-03
5.712773054256103933e-05 5.740374763263389468e-05 -1.231412636116147041e-03
7.687034667469561100e-05 6.545695214299485087e-05 -1.171890180557966232e-03
9.497391147306188941e-05 7.272948278114199638e-05 -1.108807395212352276e-03
1.114282640628516674e-04 7.921897486085072160e-05 -1.042746007442474365e-03
1.262332079932093620e-04 8.492824417771771550e-05 -9.742708643898367882e-04
1.393983693560585380e-04 8.986470493255183101e-05 -9.039273718371987343e-04
1.509423163952305913e-04 9.404014417668804526e-05 -8.322403882630169392e-04
1.608918246347457170e-04 9.747027797857299447e-05 -7.597115472890436649e-04
1.692814257694408298e-04 1.001744676614180207e-04 -6.868182099424302578e-04
1.761525927577167749e-04 1.021753851091489196e-04 -6.140129407867789268e-04
1.815532305045053363e-04 1.034986344166100025e-04 -5.417214706540107727e-04
1.855368464021012187e-04 1.041724608512595296e-04 -4.703428712673485279e-04
1.881622738437727094e-04 1.042274816427379847e-04 -4.002477216999977827e-04
1.894927845569327474e-04 1.036963512888178229e-04 -3.317787486594170332e-04
1.895955501822754741e-04 1.026134050334803760e-04 -2.652495750226080418e-04
1.885411038529127836e-04 1.010144114843569696e-04 -2.009448071476072073e-04
1.864028308773413301e-04 9.893633250612765551e-05 -1.391204714309424162e-04
1.832562702475115657e-04 9.641695214668288827e-05 -8.000369416549801826e-05
1.791786053217947483e-04 9.349465835839509964e-05 -2.379226498305797577e-05
1.742481836117804050e-04 9.020823199534788728e-05 2.934343319793697447e-05
1.685439492575824261e-04 8.659645391162484884e-05 7.926133548608049750e-05
1.621450064703822136e-04 8.269803220173344016e-05 1.258461561519652605e-04
1.551301247673109174e-04 7.855123840272426605e-05 1.690093195065855980e-04
1.475772296544164419e-04 7.419379107886925340e-05 2.086878230329602957e-04
1.395630242768675089e-04 6.966260116314515471e-05 2.448427549097687006e-04
1.311626110691577196e-04 6.499359733425080776e-05 2.774586610030382872e-04
1.224491279572248459e-04 6.022161323926411569e-05 3.065424389205873013e-04
1.134933918365277350e-04 5.538009645533747971e-05 3.321217373013496399e-04
1.043635638779960573e-04 5.050113759352825582e-05 3.542438207659870386e-04
9.512501856079325080e-05 4.561526293400675058e-05 3.729739692062139511e-04
8.583990711485967040e-05 4.075131437275558710e-05 3.883942845277488232e-04
7.656716479687020183e-05 3.593644214561209083e-05 4.006023227702826262e-04
6.736218347214162350e-05 3.119595930911600590e-05 4.097094060853123665e-04
5.827664790558628738e-05 2.655327625689096749e-05 4.158389929216355085e-04
4.935867400490678847e-05 2.202998803113587201e-05 4.191254847683012486e-04
4.065249595441855490e-05 1.764570879458915442e-05 4.197127127554267645e-04
3.219844438717700541e-05 1.341810821031685919e-05 4.177524533588439226e-04
2.403308644716162235e-05 9.362976015836466104e-06 4.134031769353896379e-04
1.618899113964289427e-05 5.494120159710291773e-06 4.068283888045698404e-04
8.694986718182917684e-06 1.823500610953487922e-06 3.981956106144934893e-04
1.576063709762820508e-06 -1.638775074752629735e-06 3.876750415656715631e-04
-5.146472631167853251e-06 -4.884441295871511102e-06 3.754384524654597044e-04
-1.145496571552939713e-05 -7.906943210400640965e-06 3.616578760556876659e-04
-1.733527642500121146e-05 -1.070144662662642077e-05 3.465047921054065228e-04
-2.277662497363053262e-05 -1.326473557128338143e-05 3.301487886346876621e-04
-2.777155168587341905e-05 -1.559514566906727850e-05 3.127570671495050192e-04
-3.231567097827792168e-05 -1.769246409821789712e-05 2.944933075923472643e-04
-3.640755312517285347e-05 -1.955787956831045449e-05 2.755169698502868414e-04
-4.004860602435655892e-05 -2.119388227583840489e-05 2.559825952630490065e-04
-4.324281690060161054e-05 -2.260416658828034997e-05 2.360391226829960942e-04
-4.599665044224821031e-05 -2.379354373260866851e-05 2.158294373657554388e-04
-4.831881597056053579e-05 -2.476786357874516398e-05 1.954896870302036405e-04
-5.022012555855326355e-05 -2.553389822423923761e-05 1.751490490278229117e-04
-5.171329758013598621e-05 -2.609927651064936072e-05 1.549293519929051399e-04
-5.281274570734240115e-05 -2.647235851327423006e-05 1.349444937659427524e-04
-5.353440792532637715e-05 -2.666217187652364373e-05 1.153005214291624725e-04
-5.389559737523086369e-05 -2.667829721758607775e-05 9.609547123545780778e-05
-5.391479135141707957e-05 -2.653080991876777261e-05 7.741908484604209661e-05
-5.361142757465131581e-05 -2.623015279823448509e-05 5.935262743150815368e-05
-5.300578413880430162e-05 -2.578709791123401374e-05 4.196928784949705005e-05
-5.211877942201681435e-05 -2.521262831578496844e-05 2.533378574298694730e-05
-5.097183748148381710e-05 -2.451787804602645338e-05 9.502786269877105951e-06
-4.958667341270484030e-05 -2.371404480072669685e-05 -5.475241778185591102e-06
-4.798522786586545408e-05 -2.281234628753736615e-05 -1.955952939169947058e-05
-4.618944512913003564e-05 -2.182392017857637256e-05 -3.271716559538617730e-05
-4.422119309310801327e-05 -2.075978227367158979e-05 -4.492254083743318915e-05
-4.210212136968038976e-05 -1.963075737876351923e-05 -5.615738336928188801e-05
-3.985354851465672255e-05 -1.844744656409602612e-05 -6.641016807407140732e-05
-3.749633106053806841e-05 -1.722014349070377648e-05 -7.567591819679364562e-05
-3.505078348098322749e-05 -1.595881985849700868e-05 -8.395586337428539991e-05
-3.253659815527498722e-05 -1.467306265112711117e-05 -9.125711949309334159e-05
-2.997273804794531316e-05 -1.337206413154490292e-05 -9.759216482052579522e-05
-2.737736940616741776e-05 -1.206455999636091292e-05 -1.029785780701786280e-04
-2.476783265592530370e-05 -1.075883301382418722e-05 -1.074386818800121546e-04
-2.216053690062835813e-05 -9.462663911108393222e-06 -1.109990262193605304e-04
-1.957092899829149246e-05 -8.183332283806521446e-06 -1.136899518314749002e-04
-1.701347900961991400e-05 -6.927587492100428790e-06 -1.155453792307525873e-04
-1.450162835681112483e-05 -5.701649570255540311e-06 -1.166022120742127299e-04
-1.204777709062909707e-05 -4.511203314905287698e-06 -1.169000533991493285e-04
-9.663255696068517864e-06 -3.361381004651775584e-06 -1.164807399618439376e-04
-7.358341918006772175e-06 -2.256785819554352202e-06 -1.153880439233034849e-04
-5.142241207067854702e-06 -1.201470126943604555e-06 -1.136672144639305770e-04
-3.023095814569387585e-06 -1.989650684208754683e-07 -1.113646649173460901e-04
-1.008001959235116374e-06 7.477245276277244557e-07 -1.085276671801693738e-04
8.969705049821641296e-07 1.636100932955741882e-06 -1.052039151545614004e-04
2.686769676074618474e-06 2.464166527715860866e-06 -1.014413137454539537e-04
4.357309080660343170e-06 3.230399443054920994e-06 -9.728758595883846283e-05
5.905461875954642892e-06 3.933729203708935529e-06 -9.279017831431701779e-05
7.329005256906384602e-06 4.573539172270102426e-06 -8.799570787232369184e-05
8.626603630546014756e-06 5.149620847078040242e-06 -8.294998406199738383e-05
9.797729035199154168e-06 5.662162038788665086e-06 -7.769768126308917999e-05
1.084265841200249270e-05 6.111727088864427060e-06 -7.228211325127631426e-05
1.176240675704320893e-05 6.499218216049484909e-06 -6.674508767900988460e-05
1.255866573046660051e-05 6.825865966675337404e-06 -6.112678238423541188e-05
1.323378637607675046e-05 7.093191470630699769e-06 -5.546545435208827257e-05
1.379069090035045519e-05 7.302985068236012012e-06 -4.979751611244864762e-05
1.423285630153259262e-05 7.457279934897087514e-06 -4.415724106365814805e-05
1.456424161005998030e-05 7.558327979495516047e-06 -3.857684714603237808e-05
1.478924059483688325e-05 7.608568921568803489e-06 -3.308628220111131668e-05
1.491262264607939869e-05 7.610608008690178394e-06 -2.771328581729903817e-05
1.493950094300089404e-05 7.567189186374889687e-06 -2.248326018161606044e-05
1.487526969867758453e-05 7.481172815460013226e-06 -1.741928463161457330e-05
1.472556050430284813e-05 7.355512479989556596e-06 -1.254216294910293072e-05
1.449618503102101386e-05 7.193224519141949713e-06 -7.870328772696666420e-06
1.419310683559160680e-05 6.997380296525079757e-06 -3.419974063945119269e-06
1.382238315272843465e-05 6.771066182409413159e-06 7.950172857817960903e-07
1.339012578682741150e-05 6.517382189485942945e-06 4.762894150189822540e-06
1.290246473217848688e-05 6.239409685804275796e-06 8.474150490656029433e-06
1.236551088368287310e-05 5.940201845078263432e-06 1.192128092952771112e-05
1.178531783807557076e-05 5.622762728307861835e-06 1.509883622929919511e-05
1.116784733312670141e-05 5.290033641358604655e-06 1.800329482648521662e-05
1.051894651027396321e-05 4.944879492541076615e-06 2.063296051346696913e-05
9.844310625339858234e-06 4.590072876453632489e-06 2.298788785992655903e-05
9.149463949142955244e-06 4.228286798024782911e-06 2.506976852600928396e-05
8.439728844678029418e-06 3.862085577566176653e-06 2.688182939891703427e-05
7.720215762674342841e-06 3.493906660878565162e-06 2.842875073838513345e-05
6.995799139986047521e-06 3.126064484604285099e-06 2.971650064864661545e-05
6.271097845456097275e-06 2.760737288554082625e-06 3.075226413784548640e-05
5.550473360926844180e-06 2.399962795607279986e-06 3.154433215968310833e-05
4.838007043872494251e-06 2.045635937975021079e-06 3.210197610314935446e-05
4.137501036893809214e-06 1.699502263363683596e-06 3.243533137720078230e-05
3.452459168329369277e-06 1.363158730782743078e-06 3.255529372836463153e-05
2.786101731544476934e-06 1.038055188473663293e-06 3.247342465328983963e-05
2.141345703421393409e-06 7.254861884575802833e-07 3.220180951757356524e-05
1.520807586530281696e-06 4.266012467724067392e-07 3.175298843416385353e-05
9.268164831155445427e-07 1.423983349013724364e-07 3.113983621005900204e-05
3.614037780153012136e-07 -1.262680058289333829e-07 3.037547685380559415e-05
-1.736879227109966450e-07 -3.786835236496699508e-07 2.947317443613428622e-05
-6.769950005036662333e-07 -6.142745974102581386e-07 2.844626033038366586e-05
-1.147331886386382394e-06 -8.326000511260644998e-07 2.730805499595589936e-05
-1.583774292157613672e-06 -1.033348780765663832e-06 2.607177520985715091e-05
-1.985659309866605327e-06 -1.216330474562710151e-06 2.475045585015323013e-05
-2.352564479224383831e-06 -1.381473225592344534e-06 2.335690442123450339e-05
-2.684302899069734849e-06 -1.528815914753067773e-06 2.190361192333512008e-05
-2.980911403938080184e-06 -1.658501901147246826e-06 2.040271829173434526e-05
-3.242629190935986117e-06 -1.770770950315636583e-06 1.886595055111683905e-05
-3.469897137620137073e-06 -1.865954914137546439e-06 1.730456824589055032e-05
-3.663333245640387759e-06 -1.944466703207581304e-06 1.572933615534566343e-05
-3.823724000540096313e-06 -2.006796648856834508e-06 1.415048973285593092e-05
-3.952007318730466068e-06 -2.053503294519032352e-06 1.257768690265947953e-05
-4.049260951433097944e-06 -2.085206460833433084e-06 1.101999532693298534e-05
-4.116685886401683092e-06 -2.102580310747725889e-06 9.485872396908234805e-06
-4.155593614996178076e-06 -2.106345618813065812e-06 7.983156137925107032e-06
-4.167389761278172955e-06 -2.097263632094836794e-06 6.519032012874959037e-06
-4.153560894337715581e-06 -2.076128112094011158e-06 5.100052021589362994e-06
-4.115664523851592094e-06 -2.043759877778938971e-06 3.732119466803851537e-06
-4.055310455441940576e-06 -2.000999529627733864e-06 2.420485316179110669e-06
-3.974148967245128006e-06 -1.948700855791685171e-06 1.169770484921173193e-06
-3.873863988701486960e-06 -1.887727194116450846e-06 -1.604219868056588894e-08
-3.756153773792902939e-06 -1.818942678255552892e-06 -1.133580894929764327e-06
-3.622725216700928286e-06 -1.743209168125758879e-06 -2.180076535296393558e-06
-3.475281118880957365e-06 -1.661380338191520423e-06 -3.153352508888929151e-06
-3.315509502499480732e-06 -1.574297016304626595e-06 -4.051782980241114274e-06
-3.145076107102795504e-06 -1.482783886785909999e-06 -4.874296791967935860e-06
-2.965613248306908645e-06 -1.387643919770198409e-06 -5.620332558464724571e-06
-2.778714815576677211e-06 -1.289655756409047171e-06 -6.289824341365601867e-06
-2.585927632026141509e-06 -1.189570525639283005e-06 -6.883157766424119473e-06
-2.388743496339884587e-06 -1.088108774638385512e-06 -7.401162292808294296e-06
-2.188596454288926907e-06 -9.859573992798686959e-07 -7.845063919376116246e-06
-1.986855068025761284e-06 -8.837681662043905817e-07 -8.216468813770916313e-06
-1.784819005479221232e-06 -7.821556664566742256e-07 -8.517320566170383245e-06
-1.583714265507296659e-06 -6.816954396526853088e-07 -8.749873813940212131e-06
-1.384691245220892597e-06 -5.829232350151869468e-07 -8.916661499824840575e-06
-1.188822693620750215e-06 -4.863338176619436126e-07 -9.020464858622290194e-06
-9.970996188712888397e-07 -3.923806275452079717e-07 -9.064287951332516968e-06
-8.104312314571870957e-07 -3.014746141616342356e-07 -9.051314009411726147e-06
-6.296444325926131569e-07 -2.139852028903987957e-07 -8.984887244878336787e-06
-4.554839847514813300e-07 -1.302405934211492422e-07 -8.868476470524910837e-06
-2.886112042688182555e-07 -5.052672591432383342e-08 -8.705656910024117678e-06
-1.296072156264926889e-07 2.491077033539568220e-08 -8.500065632688347250e-06
2.102999197006738541e-08 9.586547378148679854e-08 -8.255397915490902960e-06
1.628782797524763737e-07 1.621700391751801362e-07 -7.975364496815018356e-06
2.955939351068082033e-07 2.236944141031926847e-07 -7.663676115043926984e-06
4.189076037164340960e-07 2.803449206112418324e-07 -7.324016678467160091e-06
5.326216410139750224e-07 3.320627968150802189e-07 -6.960030077607370913e-06
6.366071829688735306e-07 3.788213120969885495e-07 -6.575293355126632378e-06
7.308007070605526678e-07 4.206257813166303094e-07 -6.173305337142664939e-06
8.152013606377295218e-07 4.575104242121597053e-07 -5.757463441113941371e-06
8.898672376744798385e-07 4.895371716884255875e-07 -5.331054580892669037e-06
9.549104333927971311e-07 5.167933068150887266e-07 -4.897240160062210634e-06
1.010494884212675970e-06 5.393897595240559895e-07 -4.459043793758610263e-06
1.056831933965440840e-06 5.574590886681107804e-07 -4.019339939986821264e-06
1.094175672733399551e-06 5.711533503927057609e-07 -3.580849124773521908e-06
1.122819298871036153e-06 5.806418243992084172e-07 -3.146127028230694123e-06
1.143092276834067889e-06 5.861094791725918185e-07 -2.717560619203140959e-06
1.155353970716532785e-06 5.877548687749367673e-07 -2.297362016179249622e-06
1.159991938948223833e-06 5.857875180481642019e-07 -1.887565076685859822e-06
1.157416249952802900e-06 5.804268425890768413e-07 -1.490026875217154156e-06
1.148057435784721747e-06 5.719002160731179174e-07 -1.106422587326960638e-06
1.132361603595199995e-06 5.604402986136847176e-07 -7.382481044260202907e-07
1.110787252400768921e-06 5.462846388581965584e-07 -3.868222222536132904e-07
1.083801180357113481e-06 5.296726612868951634e-07 -5.328591612396849087e-08
1.051876552082831040e-06 5.108450977786560543e-07 2.613940353057842003e-07
1.015488237499084789e-06 4.900420549347472843e-07 5.564160687754338142e-07
9.751109928402001970e-07 4.675015929933579173e-07 8.311449164466466755e-07
9.312157089880201966e-07 4.434585605395113816e-07 1.085101303033297881e-06
8.842677630127582233e-07 4.181432871064316714e-07 1.317958435720356647e-06
8.347237780981231481e-07 3.917803610420378391e-07 1.529536120870034210e-06
7.830295771782402880e-07 3.645879189662082354e-07 1.719790702736645471e-06
7.296184776350855827e-07 3.367763667938561412e-07 1.888808355943183415e-06
6.749089607183123007e-07 3.085478397224505898e-07 2.036798377957893535e-06
6.193033641466172412e-07 2.800953495807334548e-07 2.164082616218365729e-06
5.631861768051749095e-07 2.516020742859836901e-07 2.271090806971187703e-06
5.069227313470037188e-07 2.232409173075211584e-07 2.358347046538256109e-06
4.508586073370679514e-07 1.951741666061934666e-07 2.426464789095916785e-06
3.953178122628742130e-07 1.675527983024949208e-07 2.476136387485894375e-06
3.406029520647280151e-07 1.405166329959683935e-07 2.508124907762976363e-06
2.869942079541942803e-07 1.141939165449912252e-07 2.523255488995346241e-06
2.347490379861483234e-07 8.870127743421107880e-08 2.522406930438592099e-06
1.841018217874079710e-07 6.414353492800728418e-08 2.506503278709715232e-06
1.352640595086995745e-07 4.061403302557664574e-08 2.476505414961138740e-06
8.842405918585427571e-08 1.819440598183064139e-08 2.433402414681040682e-06
4.374746254143246915e-08 -3.044861029977141698e-09 2.378206772846169770e-06
1.377484348807911374e-09 -2.304444990386400605e-08 2.311943717359099537e-06
-3.856483132835819561e-08 -4.175593915078934515e-08 2.235646661574719474e-06
-7.597999029940183391e-08 -5.914125011940996046e-08 2.150349473595269956e-06
-1.107890810203571164e-07 -7.517261479961234727e-08 2.057079655060078949e-06
-1.429335014790922287e-07 -8.983192145706198062e-08 1.956854475793079473e-06
-1.723740439274479286e-07 -1.031102883075618593e-07 1.850674948400410358e-06
-1.990897118275825051e-07 -1.150075590317101160e-07 1.739517870191775728e-06
-2.230774498457321897e-07 -1.255319403981047799e-07 1.624335595806769561e-06
-2.443502751248161076e-07 -1.346993769857363077e-07 1.506049102317774668e-06
-2.629368793805042515e-07 -1.425329401172348298e-07 1.385545488119532820e-06
-2.788804636111308355e-07 -1.490625010092117009e-07 1.263673539142473601e-06
-2.922375585967529332e-07 -1.543238994372586603e-07 1.141241796176473144e-06
-3.030768880307732616e-07 -1.583585600428705220e-07 1.019015371639397927e-06
-3.114782032298535341e-07 -1.612129238992565661e-07 8.977146421784709673e-07
-3.175314589043409796e-07 -1.629376669143312029e-07 7.780122928124910686e-07
-3.213352783859591000e-07 -1.635874724570385297e-07 6.605334306186705362e-07
-3.229963851936190622e-07 -1.632202213386335643e-07 5.458537088998127729e-07
-3.226278693091444438e-07 -1.618966649630237953e-07 4.344992419191839872e-07
-3.203487608516297769e-07 -1.596796437297598459e-07 3.269449280196567997e-07
-3.162824668834218755e-07 -1.566338596603600308e-07 2.236170359992684098e-07
-3.105561177108029369e-07 -1.528251516447198810e-07 1.248908745310473023e-07
-3.032994300156133249e-07 -1.483202396457272698e-07 3.109300550363514049e-08
-2.946438542039686581e-07 -1.431861278433643747e-07 -5.749825859879820200e-08
-2.847216364898486063e-07 -1.374897067307756515e-07 -1.406516219049080973e-07
-2.736650230872328393e-07 -1.312974546863188152e-07 -2.181817535529262386e-07
-2.616054075588181149e-07 -1.246749548045045231e-07 -2.899478204199112952e-07
-2.486727339601202402e-07 -1.176865964680473553e-07 -3.558515118129434995e-07
-2.349945873447722988e-07 -1.103952627090620808e-07 -4.158353306138451444e-07
-2.206957532280284795e-07 -1.028620530973967107e-07 -4.698805184943921631e-07
-2.058975354657377466e-07 -9.514597820725612110e-08 -5.180046400710125454e-07
-1.907172446635740926e-07 -8.730375355980868335e-08 -5.602601618193148170e-07
-1.752677718513950822e-07 -7.938960067122025066e-08 -5.967314109511789866e-07
-1.596570911033268203e-07 -7.145503388983343029e-08 -6.275321879911643919e-07
-1.439878900555413566e-07 -6.354876092018457712e-08 -6.528046583298419137e-07
-1.283574135868548183e-07 -5.571647321289674437e-08 -6.727150321239605546e-07
-1.128570161768038815e-07 -4.800084596467968368e-08 -6.874524842714890838e-07
-9.757204821880804957e-08 -4.044134627179118979e-08 -6.972261985538352747e-07
-8.258165706820363994e-08 -3.307428286802860384e-08 -7.022629802122537512e-07
-6.795865203912399011e-08 -2.593273862316891609e-08 -7.028049253676726948e-07
-5.376946887736266945e-08 -1.904647817241311714e-08 -6.991073746576148551e-07
-4.007410225881358201e-08 -1.244205183326130282e-08 -6.914360710652545094e-07
-2.692621947630868817e-08 -6.142823139043684932e-09 -6.800656251471082214e-07
-1.437304586460186329e-08 -1.689750284139535097e-10 -6.652766160186729394e-07
-2.455581293858699610e-09 5.462457153271316201e-09 -6.473543407992110588e-07
8.791367633875779575e-09 1.073741273671657837e-08 -6.265860861276451033e-07
1.933905124928969599e-08 1.564479745752578310e-08 -6.032599344507616479e-07
2.916449481915606157e-08 2.017637790174831025e-08 -5.776625471298757475e-07
3.825038774607492087e-08 2.432661894147258863e-08 -5.500779138856159989e-07
4.658483376829281042e-08 2.809259314062728663e-08 -5.207853632782644127e-07
5.416113069145467307e-08 3.147383154100680258e-08 -4.900585963696357794e-07
6.097751281686214497e-08 3.447223662078613415e-08 -4.581639245770929847e-07
6.703684363174033933e-08 3.709183360456336231e-08 -4.253595591308112489e-07
7.234635290842561517e-08 3.933871894901130872e-08 -3.918942184100160375e-07
7.691740222526277648e-08 4.122088270719359571e-08 -3.580062752917001490e-07
8.076506219367729500e-08 4.274800247117127583e-08 -3.239229329210502328e-07
8.390785666279043653e-08 4.393137231772925588e-08 -2.898596846989676123e-07
8.636752113488910254e-08 4.478364346027774445e-08 -2.560191205702722073e-07
8.816859065063908929e-08 4.531876740543339110e-08 -2.225912822950704140e-07
8.933815820455492940e-08 4.555176857934384316e-08 -1.897524128935401677e-07
8.990552657905936940e-08 4.549860932456795126e-08 -1.576654682367006899e-07
8.990190281110699289e-08 4.517607266052436898e-08 -1.264792075517107151e-07
8.936015660765406210e-08 4.460157398966657638e-08 -9.632859132580051664e-08
8.831447217971799546e-08 4.379304030521780078e-08 -6.733463919772475492e-08
8.680006402528306353e-08 4.276876808262386476e-08 -3.960458627716434421e-08
8.485297087190701859e-08 4.154729182914707053e-08 -1.323171172629145076e-08
8.250972882706264500e-08 4.014726684431479953e-08 1.170414254403340237e-08
7.980712979360760073e-08 3.858734132222707558e-08 3.513618196393508697e-08
