-2.000000094994902611e-03 -9.197339531965553761e-04 -2.000000094994902611e-03
-2.000000094994902611e-03 -9.016413241624832153e-04 -2.000000094994902611e-03
-2.000000094994902611e-03 -8.900769171305000782e-04 -2.000000094994902611e-03
-2.000000094994902611e-03 -8.835293701849877834e-04 -2.000000094994902611e-03
-2.000000094994902611e-03 -8.840725058689713478e-04 -2.000000094994902611e-03
-1.978278625756502151e-03 -8.896104991436004639e-04 -2.000000094994902611e-03
-1.900119590573012829e-03 -8.982854196801781654e-04 -2.000000094994902611e-03
-1.824797131121158600e-03 -9.109142119996249676e-04 -2.000000094994902611e-03
-1.754498342052102089e-03 -9.276921628043055534e-04 -2.000000094994902611e-03
-1.686209114268422127e-03 -9.443501476198434830e-04 -2.000000094994902611e-03
-1.619804417714476585e-03 -9.631468565203249454e-04 -2.000000094994902611e-03
-1.557249575853347778e-03 -9.833343792706727982e-04 -2.000000094994902611e-03
-1.495357486419379711e-03 -1.002810546196997166e-03 -2.000000094994902611e-03
-1.436078455299139023e-03 -1.024515600875020027e-03 -2.000000094994902611e-03
-1.375276944600045681e-03 -1.043987809680402279e-03 -2.000000094994902611e-03
-1.317037618719041348e-03 -1.062037772499024868e-03 -2.000000094994902611e-03
-1.258048578165471554e-03 -1.079010893590748310e-03 -2.000000094994902611e-03
-1.199151854962110519e-03 -1.092629972845315933e-03 -2.000000094994902611e-03
-1.138504128903150558e-03 -1.101801521144807339e-03 -2.000000094994902611e-03
-1.075702370144426823e-03 -1.106378273107111454e-03 -2.000000094994902611e-03
-1.015432877466082573e-03 -1.108274562284350395e-03 -2.000000094994902611e-03
-9.539865422993898392e-04 -1.104957191273570061e-03 -2.000000094994902611e-03
-8.866413263604044914e-04 -1.091282116249203682e-03 -2.000000094994902611e-03
-8.176183910109102726e-04 -1.073011546395719051e-03 -2.000000094994902611e-03
-7.478795014321804047e-04 -1.047396566718816757e-03 -2.000000094994902611e-03
-6.744749261997640133e-04 -1.013461966067552567e-03 -2.000000094994902611e-03
-5.969913327135145664e-04 -9.722450049594044685e-04 -2.000000094994902611e-03
-5.213502445258200169e-04 -9.202422806993126869e-04 -2.000000094994902611e-03
-4.405027430038899183e-04 -8.618340943939983845e-04 -1.797656645067036152e-03
-3.547713859006762505e-04 -7.904543308541178703e-04 -1.523487502709031105e-03
-2.695789444260299206e-04 -7.084908429533243179e-04 -1.235351315699517727e-03
-1.776812714524567127e-04 -6.106350920163094997e-04 -9.429852943867444992e-04
-7.827747322153300047e-05 -5.033830530010163784e-04 -6.470055668614804745e-04
2.416946699668187648e-05 -3.835984389297664165e-04 -3.504577616695314646e-04
1.363420451525598764e-04 -2.569293719716370106e-04 -5.644874545396305621e-05
2.513144572731107473e-04 -1.213216382893733680e-04 2.332633011974394321e-04
3.717041981872171164e-04 1.943360985023900867e-05 5.085277371108531952e-04
4.949679132550954819e-04 1.627731980988755822e-04 7.748456555418670177e-04
6.252840976230800152e-04 3.079730377066880465e-04 1.019463059492409229e-03
7.548014982603490353e-04 4.493822634685784578e-04 1.250766450539231300e-03
8.857820648699998856e-04 5.895334761589765549e-04 1.458597602322697639e-03
1.015610178001224995e-03 7.220947882160544395e-04 1.644791103899478912e-03
1.142583903856575489e-03 8.448340813629329205e-04 1.808299915865063667e-03
1.265604048967361450e-03 9.605305385775864124e-04 1.948243589140474796e-03
1.380281872116029263e-03 1.063174335286021233e-03 2.000000094994902611e-03
1.488763256929814816e-03 1.154081895947456360e-03 2.000000094994902611e-03
1.582194352522492409e-03 1.226070569828152657e-03 2.000000094994902611e-03
1.661201007664203644e-03 1.283759949728846550e-03 2.000000094994902611e-03
1.727300463244318962e-03 1.328117214143276215e-03 2.000000094994902611e-03
1.779834856279194355e-03 1.359059591777622700e-03 2.000000094994902611e-03
1.817980664782226086e-03 1.377157052047550678e-03 2.000000094994902611e-03
1.841841614805161953e-03 1.381573732942342758e-03 2.000000094994902611e-03
1.851862762123346329e-03 1.376914791762828827e-03 2.000000094994902611e-03
1.847200794145464897e-03 1.362237730063498020e-03 2.000000094994902611e-03
1.830834196880459785e-03 1.337333931587636471e-03 2.000000094994902611e-03
1.802079612389206886e-03 1.304236939176917076e-03 2.000000094994902611e-03
1.760949497111141682e-03 1.265126746147871017e-03 2.000000094994902611e-03
1.709803589619696140e-03 1.218491466715931892e-03 2.000000094994902611e-03
1.647688681259751320e-03 1.166531816124916077e-03 2.000000094994902611e-03
1.577281393110752106e-03 1.110031618736684322e-03 2.000000094994902611e-03
1.500479760579764843e-03 1.049760263413190842e-03 2.000000094994902611e-03
1.416372135281562805e-03 9.848036570474505424e-04 2.000000094994902611e-03
1.326197874732315540e-03 9.215803002007305622e-04 1.950642210431396961e-03
1.231254078447818756e-03 8.517656242474913597e-04 1.800480764359235764e-03
1.130647258833050728e-03 7.808275404386222363e-04 1.648547011427581310e-03
1.025500008836388588e-03 7.084777462296187878e-04 1.499418052844703197e-03
9.177656029351055622e-04 6.364238797686994076e-04 1.354028005152940750e-03
8.107442990876734257e-04 5.642029573209583759e-04 1.212078146636486053e-03
7.027204264886677265e-04 4.937753546983003616e-04 1.075269770808517933e-03
5.996378022246062756e-04 4.265613097231835127e-04 9.434557287022471428e-04
5.004135891795158386e-04 3.616822941694408655e-04 8.166364859789609909e-04
4.033050499856472015e-04 2.992023946717381477e-04 6.995801813900470734e-04
3.129815449938178062e-04 2.398098731646314263e-04 5.878566880710422993e-04
2.300122432643547654e-04 1.871304993983358145e-04 4.825420619454234838e-04
1.522756792837753892e-04 1.358285517198964953e-04 3.856817202176898718e-04
8.053399506025016308e-05 9.018624405143782496e-05 2.970109635498374701e-04
1.723244531603995711e-05 4.669385816669091582e-05 2.162883611163124442e-04
-3.983889109804295003e-05 9.016737749334424734e-06 1.435015292372554541e-04
-9.073811816051602364e-05 -2.490818224032409489e-05 7.571539026685059071e-05
-1.357989385724067688e-04 -5.681894253939390182e-05 1.771743336576037109e-05
-1.745678164297714829e-04 -8.179994620149955153e-05 -3.303525954834185541e-05
-2.074535004794597626e-04 -1.052987281582318246e-04 -7.913439185358583927e-05
-2.332117001060396433e-04 -1.256645336980000138e-04 -1.180182880489155650e-04
-2.566917682997882366e-04 -1.431878336006775498e-04 -1.500598300481215119e-04
-2.724442747421562672e-04 -1.557282812427729368e-04 -1.779040176188573241e-04
-2.869190357159823179e-04 -1.671490463195368648e-04 -2.010039606830105186e-04
-2.937556419055908918e-04 -1.751293457346037030e-04 -2.173904213123023510e-04
-3.013454261235892773e-04 -1.807224907679483294e-04 -2.310306881554424763e-04
-3.034418623428791761e-04 -1.828173990361392498e-04 -2.403855178272351623e-04
-3.038820286747068167e-04 -1.858561154222115874e-04 -2.468829043209552765e-04
-3.007742634508758783e-04 -1.856974122347310185e-04 -2.482426352798938751e-04
-2.950587659142911434e-04 -1.838636235333979130e-04 -2.487223828211426735e-04
-2.882789412979036570e-04 -1.810026878956705332e-04 -2.469064784236252308e-04
-2.806784177664667368e-04 -1.759548031259328127e-04 -2.417668583802878857e-04
-2.708807005546987057e-04 -1.698701526038348675e-04 -2.365715918131172657e-04
-2.604049514047801495e-04 -1.654529914958402514e-04 -2.282748755533248186e-04
-2.479574759490787983e-04 -1.572723122080788016e-04 -2.176561974920332432e-04
-2.357446355745196342e-04 -1.518408971605822444e-04 -2.096101525239646435e-04
-2.243354101665318012e-04 -1.430293923476710916e-04 -1.993058249354362488e-04
-2.105483144987374544e-04 -1.341273455182090402e-04 -1.879327901406213641e-04
-1.971946185221895576e-04 -1.260878198081627488e-04 -1.764351763995364308e-04
-1.840464974520727992e-04 -1.181879415526054800e-04 -1.637218520045280457e-04
-1.708133786451071501e-04 -1.084997129510156810e-04 -1.539524528197944164e-04
-1.580441894475370646e-04 -1.014895315165631473e-04 -1.404866343364119530e-04
-1.439312472939491272e-04 -9.205978858517482877e-05 -1.294968242291361094e-04
-1.314178807660937309e-04 -8.400493243243545294e-05 -1.168265298474580050e-04
-1.203411520691588521e-04 -7.638589886482805014e-05 -1.052690713549964130e-04
-1.083276802091859281e-04 -6.777780072297900915e-05 -9.504461922915652394e-05
-9.648957347963005304e-05 -6.016848419676534832e-05 -8.514524233760312200e-05
-8.541881834389641881e-05 -5.245278953225351870e-05 -7.530816219514235854e-05
-7.522624946432188153e-05 -4.757508577313274145e-05 -6.483523611677810550e-05
-6.409746856661513448e-05 -3.919371738447807729e-05 -5.624526966130360961e-05
-5.620995216304436326e-05 -3.355307126184925437e-05 -4.781899770023301244e-05
-4.784190605278126895e-05 -2.775723442027810961e-05 -4.003166759503073990e-05
-3.845478204311802983e-05 -2.203331132477615029e-05 -3.245910556870512664e-05
-3.169715273543260992e-05 -1.769795744621660560e-05 -2.576396036602091044e-05
-2.343423693673685193e-05 -1.239078846992924809e-05 -2.030135146924294531e-05
-1.783253355824854225e-05 -7.966514203872065991e-06 -1.534024886495899409e-05
-1.206763135996880010e-05 -4.645273293135687709e-06 -8.679976417624857277e-06
-7.111188097042031586e-06 -1.959587052624556236e-06 -3.080059741478180513e-06
-2.696261617529671639e-06 2.389138217040454037e-06 -1.498847609582298901e-06
7.607980592183594126e-07 4.370416718302294612e-06 4.230758349876850843e-06
4.883532710664439946e-06 6.745204700564499944e-06 5.828888333780923858e-06
9.170974408334586769e-06 9.235080142389051616e-06 8.839231668389402330e-06
1.302749569731531665e-05 9.471620614931453019e-06 1.036279536492656916e-05
1.492973751737736166e-05 1.168917151517234743e-05 1.263054400624241680e-05
1.705071008473169059e-05 1.331304065388394520e-05 1.494350271968869492e-05
1.785567110346164554e-05 1.431004784535616636e-05 1.636235174373723567e-05
2.053509706456679851e-05 1.431187592970672995e-05 1.623884054424706846e-05
1.949785655597224832e-05 1.527775020804256201e-05 1.672630787652451545e-05
2.173525717807933688e-05 1.620664806978311390e-05 1.709801290417090058e-05
2.160162330255843699e-05 1.600831456016749144e-05 1.763653017405886203e-05
2.271919038321357220e-05 1.578512456035241485e-05 1.732496639306191355e-05
2.271501762152183801e-05 1.616270856175106019e-05 1.744026303640566766e-05
2.326050162082538009e-05 1.461199553887126967e-05 1.717872692097444087e-05
2.226029391749761999e-05 1.513043662271229550e-05 1.791779322957154363e-05
2.216566281276755035e-05 1.485395023337332532e-05 1.480372975493082777e-05
2.121763100149109960e-05 1.369860365230124444e-05 1.555650669615715742e-05
2.117672374879475683e-05 1.377145053993444890e-05 1.553306174173485488e-05
1.998451079998631030e-05 1.418148076481884345e-05 1.532625356048811227e-05
1.864251134975347668e-05 1.202906696562422439e-05 1.447857630409998819e-05
1.827345840865746140e-05 1.165649882750585675e-05 1.385740597470430657e-05
1.765744491422083229e-05 9.360170224681496620e-06 1.259315286006312817e-05
1.684467497398145497e-05 9.874558600131422281e-06 1.082572543964488432e-05
1.558523035782855004e-05 9.511019925412256271e-06 1.084038831322686747e-05
1.457268626836594194e-05 7.881319106672890484e-06 1.089063516701571643e-05
1.300317671848461032e-05 7.525369710492668673e-06 1.004602654575137421e-05
1.221226193592883646e-05 7.423088391078636050e-06 8.638492545287590474e-06
1.175372381112538278e-05 7.964070391608402133e-06 6.780953299312386662e-06
1.160745341621804982e-05 6.794726232328685001e-06 6.144931830931454897e-06
9.455248800804838538e-06 4.718964646599488333e-06 5.172293640498537570e-06
8.559251909900922328e-06 4.513716248766286299e-06 2.559305357863195240e-06
7.878785254433751106e-06 2.872134473363985308e-06 3.720701670317794196e-06
6.582284640899160877e-06 2.564952183092827909e-06 3.120880364804179408e-06
5.483731456479290500e-06 3.095910187767003663e-06 2.998710442625451833e-06
4.929924671159824356e-06 3.366584905961644836e-06 2.897501872212160379e-06
4.827365046367049217e-06 1.923139279824681580e-06 2.795786485876305960e-06
3.018026063728029840e-06 2.049898284894879907e-06 1.682947981862525921e-06
2.545718871260760352e-06 2.168869286833796650e-06 1.324445861428102944e-06
1.354738515146891586e-06 1.442268739992869087e-06 5.035805656916636508e-07
1.136982859861745965e-06 9.918562682287301868e-07 -3.163509063597302884e-07
9.690169235909706913e-07 5.009424626223335508e-07 -7.476899099856382236e-07
1.032396653499745298e-06 1.963031053264785442e-07 -6.432923669308365788e-07
4.753712801175424829e-07 -1.497978928455268033e-06 -7.448089718309347518e-07
2.526287232740287436e-07 -1.430943598279554863e-06 -9.031784884427906945e-07
4.230378181091509759e-08 -1.340006747341249138e-06 -5.629651127492252272e-07
-5.278146772980107926e-07 -5.610932021227199584e-07 -5.556536279982537962e-07
-1.132891384258982725e-06 -1.112118297896813601e-06 -1.011708718579029664e-06
-1.024957214212918188e-06 -1.139218511525541544e-06 -1.136600303652812727e-06
-1.653051072025846224e-06 -9.545633474772330374e-07 -1.318046770393266343e-06
-1.621311639610212296e-06 -2.111469711962854490e-06 -9.594651828592759557e-07
-1.629825192139833234e-06 -1.998598236241377890e-06 -1.169134407064120751e-06
-1.420811599928128999e-06 -1.321052536695788149e-06 -2.101649215546785854e-06
-1.710003289190353826e-06 -1.260434601135784760e-06 -1.895397303997015115e-06
-1.803950226531014778e-06 -1.245791622750402894e-06 -1.860270231190952472e-06
-1.355077529296977445e-06 -1.445904331376368646e-06 -2.027451500907773152e-06
-1.684164658399822656e-06 -1.398538529429060873e-06 -1.996715127461357042e-06
-1.907384103105869144e-06 -1.403624764861888252e-06 -1.935888576554134488e-06
-1.149093804997391999e-06 -1.737172283355903346e-06 -1.425076789018930867e-06
-1.102552573684079107e-06 -1.792475586626096629e-06 -1.502900659033912234e-06
-1.289383362745866179e-06 -1.532758233224740252e-06 -1.549918692944629584e-06
-1.148954765994858462e-06 -1.436317916159168817e-06 -2.270052391395438462e-06
-1.416917370988812763e-06 -1.251940943802765105e-06 -1.718142925710708369e-06
-1.404609065502882004e-06 -1.146500267168448772e-06 -1.533418299004551955e-06
-1.133000523623195477e-06 -1.120075467042624950e-06 -1.625855020392918959e-06
-1.061296188709093258e-06 -1.118188038162770681e-06 -1.923798890857142396e-06
-1.707907244963280391e-06 -1.265997639166016597e-06 6.603279700811981456e-08
-1.480376454310317058e-06 -9.576529009791556746e-07 -1.654517944871258806e-07
-2.046143663392285816e-06 -1.130436885432573035e-06 2.649037185165070696e-07
-1.162723492598161101e-06 -4.035183280848286813e-07 2.306210973301858758e-07
-1.334901412519684527e-06 -4.280357188690686598e-07 2.160676331186550669e-07
-7.776376378387794830e-07 -8.926277672571814037e-08 -2.155196909825463081e-07
-7.159468395911972038e-07 -1.304197922991079395e-07 -1.542858569791860646e-07
-6.808098760302527808e-07 -5.277479431242682040e-08 -2.749952159319946077e-07
-6.383912705132388510e-07 -3.078067933870443085e-08 -3.021848442585906014e-07
-5.668159701599506661e-07 -4.733749960905697662e-07 -2.327951165170816239e-07
-6.119764748291345313e-07 -4.451954893625043042e-08 -3.290069514605420409e-07
-5.694386118193506263e-07 -4.724014672774501378e-07 -2.028735792691804818e-07
-6.042278641871234868e-07 -8.087838665460367338e-08 -2.621007411107711960e-07
-8.140759746311232448e-07 -1.345623132920081844e-07 -3.063273652514908463e-07
-7.101552910171449184e-07 -9.243175469464404159e-08 -1.934461124619701877e-07
-4.919028810945746955e-07 7.235523469262261642e-08 -1.060358982840625686e-07
-4.839853886551281903e-07 1.638646729418269388e-08 -1.982045461090820027e-07
-6.538487014040583745e-07 -8.120620975660131080e-08 -5.729915741881086433e-08
-4.042343846322182799e-07 -7.250392997093513259e-08 -7.781309818710724358e-08
-2.819355700012238231e-07 -1.665437743270103965e-08 -2.564908996305348410e-08
-2.362889794937927945e-08 -8.293474706988490652e-08 5.917825873780202528e-08
6.684102515919221332e-08 5.709644312901218655e-08 7.849016725458568544e-08
-2.399838479050231399e-07 1.663120343664559186e-07 -4.916607565519370837e-09
-1.150524937543195847e-07 -9.342516449351023766e-08 2.720463214700430399e-07
-2.347386356404967955e-07 -1.719642312991709332e-07 8.028823827999076457e-08
-3.247025404107262148e-08 -1.543808565429571900e-07 3.326642570300464286e-07
1.987858553320620558e-07 7.540933211203082465e-07 2.573140420736308442e-07
2.053622267794708023e-07 1.060699673871567938e-06 1.176404822444965248e-07
1.278563246387420804e-07 -2.870210664696060121e-07 -1.000058915678891935e-07
5.206111950428748969e-07 -2.893059161124256207e-07 -2.146951629811155726e-07
4.790667844645213336e-07 -2.646494579039426753e-07 6.298301968854502775e-08
1.026456061481439974e-06 5.133501304044330027e-07 1.147867124018375762e-06
6.107135845923039597e-07 5.018230453401884006e-08 1.859175995377881918e-07
-9.671413181422394700e-08 1.255424422197393142e-07 2.387968720540811773e-07
-8.834961562342869001e-08 2.131016714201905415e-07 2.905734390878933482e-07
1.026932210379527532e-07 -1.057470289111961392e-08 -4.558979860291856312e-09
6.464068178502202500e-07 -2.873425231086912390e-08 1.386411980774937547e-07
6.373668384185293689e-07 -4.125122998743790959e-08 1.089382024588303466e-07
-8.131626572094319272e-08 1.687856183707481250e-07 6.518272925859491806e-07
2.220316588363857591e-07 6.408011898884069524e-08 5.567181347032601479e-07
5.072001840744633228e-07 -1.138397536237789609e-07 3.293561974260228453e-07
-1.456098175367515069e-07 5.326322707333019935e-07 8.465954124403651804e-07
1.881960827176953899e-07 1.371256104221174610e-07 2.127794402895233361e-07
1.338664503691688878e-07 -1.231678794511026354e-07 -1.178674224888709432e-07
-8.349183389100289787e-08 -2.170447377380924081e-09 -4.120590446632377279e-08
-1.048402324954622600e-07 1.392280779555221670e-08 -2.592026149272896873e-09
-1.048402324954622600e-07 1.392280779555221670e-08 -2.592026149272896873e-09
5.001469389753765427e-07 -3.546957927369476238e-08 -2.827338789757050108e-07
-7.382594446880830219e-08 3.746899039924755925e-07 9.802062095332075842e-08
-6.733897350841289153e-08 1.888624439061459270e-07 7.095017906522116391e-08
-6.733897350841289153e-08 1.888624439061459270e-07 7.095017906522116391e-08
1.069350901161669753e-07 4.029822093798429705e-07 3.402638526495138649e-07
-1.123106798672779405e-07 1.267345481892334647e-07 -4.833859534869588970e-08
6.563508918588922825e-07 2.538116632422315888e-07 -4.499348449371609604e-07
7.602318419230869040e-07 2.617390748582693050e-07 -7.109763089374609990e-08
2.063755033532288508e-07 2.200754209980004816e-07 -5.139829895028924511e-08
2.063755033532288508e-07 2.200754209980004816e-07 -5.139829895028924511e-08
1.599037631194732967e-07 6.154692044901821646e-08 -8.748891389132040786e-08
1.598242675981964567e-07 6.174560240879145567e-08 -8.722069111399832764e-08
1.889709437818964943e-07 2.654544175584305776e-07 3.064749876102723647e-08
-1.027639981998618168e-07 1.762461465659725945e-07 -2.854985048372782330e-08
2.811396200286253588e-07 -8.166318110625070403e-08 -1.106651907889499853e-07
3.132665256089239847e-07 -8.271619833521981491e-08 -4.951082033244347258e-08
3.237569217162672430e-07 -6.111944372833022499e-08 -8.505506343681190629e-08
2.088590349558216985e-07 1.146149273267837998e-07 -3.423881764774705516e-07
2.670530250270530814e-07 4.620865823312669818e-08 -3.346495418554695789e-07
1.277470431659821770e-07 1.625171961450178060e-07 -2.144468140841127024e-07
7.465916951332474127e-08 1.386952135362662375e-07 -2.360038280357912299e-07
1.235250408626598073e-07 1.475763014013864449e-07 -2.154898908202085295e-07
-2.566632133493840229e-07 -2.457051095916540362e-07 9.834844405531839584e-08
-1.203275132866110653e-07 1.666100502006884199e-07 -7.254801914768904680e-08
-1.772996114368652343e-07 1.555235797923160135e-07 2.543209198790918890e-08
-3.233409415770438500e-07 -2.963889471629954642e-07 5.069780399935552850e-07
-2.488847883341804845e-07 1.396091420247103088e-07 7.141707669688912574e-08
-5.657034307660069317e-07 1.545003698311120388e-07 3.699370267895574216e-07
-5.906975957259419374e-07 1.339765134389381274e-07 4.056203408708825009e-07
-2.652264186053798767e-07 1.940877893957804190e-07 3.123361480561470671e-08
-2.619481733745487873e-07 2.214661947164131561e-07 -1.513880398817946116e-08
-2.679086321677459637e-07 1.990945861507498194e-07 -5.443114847736296724e-09
-3.774520109800505452e-07 2.303870303421717836e-07 8.237439885760977631e-08
-3.219104485197021859e-07 2.517652433198236395e-07 -1.042010300267293132e-08
-1.812037169202085352e-07 3.397814225536421873e-07 1.966037643796880729e-08
7.488765163543575909e-08 4.177840366992313648e-07 -1.854292861480644206e-07
2.133287502203984332e-08 1.929851123350090347e-07 -8.399210571496951161e-08
2.133287502203984332e-08 1.929851123350090347e-07 -8.399210571496951161e-08
-5.677901526723871939e-08 1.079690079563988547e-07 -1.515867253942815296e-08
-5.473258823940341244e-08 1.557520619144270313e-07 4.137633524692319043e-08
-5.468292130217378144e-08 1.561494400448282249e-07 4.143593912431242643e-08
4.657544394603974069e-08 -3.811204862813610816e-08 4.120576306831935653e-07
-1.841541461544693448e-07 5.454337426158417657e-08 1.315879671892616898e-07
7.445055416610557586e-08 1.377117371248459676e-07 -1.585376594448462129e-07
-9.172720893957375665e-08 1.124294257692781684e-07 -1.419278277126068133e-07
-1.164035339229485544e-07 1.178534461132585420e-07 -9.512824306057154899e-08
-1.386428971628106410e-09 1.067868495852053456e-07 -1.769356288150447654e-07
-3.741743981322542822e-08 6.066278501748456620e-08 -5.548121606580025400e-08
-2.840720192409662559e-08 6.979223599046235904e-08 -6.778957839514987427e-08
2.219422583493724233e-07 -1.777458749074867228e-07 -3.768098792988894274e-07
-3.867404245738725876e-07 -3.975181641635572305e-07 8.488504477099922951e-07
4.348401319020922529e-07 -1.316317366217845120e-07 -3.301891240425902652e-07
1.054549016998862498e-07 -3.710238729581760708e-07 6.537419050545167920e-09
9.898718289491625910e-09 -3.661462244508584263e-07 6.208895086956545128e-08
-2.868535808886463201e-08 -4.673549085509876022e-07 1.213260389931747341e-07
6.608603797531031887e-08 -4.606195886935893213e-07 7.011571767634450225e-08
7.876195695644128136e-08 -4.636196990759344772e-07 8.162934506117380806e-08
-3.191984205841436051e-07 -1.820870778601602069e-07 4.030772231544688111e-07
-2.278046196124705602e-07 -1.406618395094483276e-07 3.542808997281099437e-07
9.118164143728790805e-07 -2.077866128047389793e-07 -2.784323953619605163e-07
6.812060178162937518e-07 -2.531656093651690753e-07 -2.476565441611455753e-07
3.248298128255555639e-07 -2.609738203318556771e-07 -4.722597424233754282e-08
3.375653250259347260e-07 -2.549935231854760787e-07 -9.410502599394021672e-08
3.099286516317079077e-07 -8.325263678443661775e-08 -1.721771951679329504e-07
5.935474405305285472e-07 -2.527285403175483225e-07 -7.810287456777587067e-07
3.536983399499149527e-07 -3.867793907375016715e-07 -2.138905017545766896e-07
3.348235111388930818e-07 -1.377114102751875180e-07 -3.733925666438153712e-07
2.817157849221985089e-07 -1.486588132593169576e-07 -2.318215734931072802e-07
-1.678622112422090140e-07 -2.598314097213005880e-07 -4.709683310011314461e-08
-1.678622112422090140e-07 -2.598314097213005880e-07 -4.709683310011314461e-08
6.123818963033045293e-08 -7.534509194329075399e-08 -2.538057515266700648e-07
5.374787193090924120e-08 -7.174894278705323813e-08 -2.470803508458629949e-07
1.584136413157466450e-07 -2.686664046791520377e-08 -1.893234582439617952e-07
-3.932174479359673569e-07 -1.612850581977909314e-07 2.483236585248960182e-07
-2.994692920310626505e-07 -8.952105901016693679e-08 2.241440597572363913e-07
-2.885218748360784957e-07 -1.628943806508686976e-07 2.138721839628487942e-07
-8.692499591234081890e-07 -3.517218942761246581e-07 7.105676900209800806e-07
-4.521167795701330760e-07 -2.620566590394446393e-07 2.579101021638052771e-07
-5.769686595158418640e-07 -3.496953411286085611e-07 4.533835351594461827e-07
-5.356427550395892467e-07 -5.312248774202998902e-08 1.883812785763439024e-07
-2.196387924868759001e-07 2.405794248261372559e-07 -8.652530425479199039e-08
-1.503583177964173956e-07 3.166945816701627336e-07 -5.643489231488274527e-08
-2.476330962508654920e-07 2.352348644762969343e-07 -1.827099804785348169e-09
1.540426239898806671e-07 -1.335625299248022202e-08 -4.416498029513604706e-07
1.677516934250888880e-07 -4.592025959482270991e-08 -1.832139702173662954e-07
1.102133424524254224e-07 -2.357809449904380017e-07 -4.291427444513828959e-07
-1.657561909951255075e-07 2.359898587656061864e-07 -2.262684120069025084e-07
2.154354064032304450e-07 -1.366981337014294695e-07 -6.028108714417612646e-07
-1.798228908000965021e-07 3.599476769977627555e-07 -4.320266100421576994e-08
3.385786158105474897e-07 -2.462514885337441228e-07 -1.888764131763309706e-07
-7.399482626624376280e-08 -2.550332283135503531e-07 3.958819760896403750e-08
-7.038874372256032075e-08 -2.793618705254630186e-07 1.138853917836968321e-07
3.219687982891628053e-07 -1.549967691971687600e-07 -4.006020901670126477e-07
1.626058292458765209e-07 2.733619908212858718e-07 -3.729852551259682514e-07
-3.750746824238149202e-09 -1.602916483989247354e-07 2.463964676735486137e-07
4.059616571794322226e-07 7.644451294197551761e-09 -4.039697500957117882e-07
-5.809031833337030548e-08 -2.033659285416433704e-07 1.520224373052769806e-07
-1.322881786336438381e-07 -1.743384672181491624e-07 6.371347467393206898e-07
4.038556653540581465e-07 1.382346681566559710e-08 -4.018140202788345050e-07
8.722581412712315796e-08 4.164031963682646165e-07 1.622240574761235621e-06
1.844111920945579186e-07 4.478049220324464841e-07 5.489665966251777718e-08
1.844111920945579186e-07 4.478049220324464841e-07 5.489665966251777718e-08
-1.032607102047222725e-07 9.166713965669259778e-08 -5.557062365824094741e-08
-1.832600702300624107e-07 3.791006406572705600e-07 2.725033141359745059e-07
-1.536167104632113478e-07 3.932666743367008166e-07 1.774636899654069566e-07
-2.701239338875893736e-07 2.451590432883676840e-07 2.021996152734573116e-07
-8.856877897756021412e-09 2.222609225555061130e-07 2.728410493091359967e-07
4.188654756376308796e-08 3.335825340400333516e-07 1.255380936981964624e-07
-8.479382529458234785e-09 1.033893823887410690e-07 1.328396734834313975e-07
-8.479382529458234785e-09 1.033893823887410690e-07 1.328396734834313975e-07
-1.133047078383242479e-08 -2.497916007371259184e-08 -1.572263528260009480e-07
-8.479382529458234785e-09 1.033893823887410690e-07 1.328396734834313975e-07
-8.479382529458234785e-09 1.033893823887410690e-07 1.328396734834313975e-07
2.162096635061061534e-08 -1.329033239017007872e-07 -6.740214786304932204e-08
4.147136394294648198e-07 1.824648876436185674e-07 -3.610742567161651095e-07
2.832059067259251606e-07 1.869352388439438073e-07 -3.557495915629260708e-07
-1.602129628963666619e-07 1.137506586701420019e-07 4.600791498887701891e-07
-1.555836632860518876e-07 -1.165752117060492310e-08 2.500720768239261815e-07
-1.148140782447626407e-07 -7.355695430533160106e-08 4.712818579832855903e-08
1.835667973182353307e-07 1.918029539638155256e-07 -4.251691052559181117e-07
1.139286993634414102e-07 1.321983091884249006e-07 -4.952443077854695730e-07
3.509267401113902451e-07 9.989258131781753036e-08 -4.563423487979889615e-07
2.424561955649551237e-07 5.995746477083230275e-08 6.823816534051729832e-08
-1.127974513792651123e-07 -1.543510563806194114e-07 5.716590294468915090e-07
8.124548855903412914e-08 -2.847759503765701083e-07 -1.721871143445241614e-07
1.333002046521869488e-07 -2.296217758157581557e-07 -2.188873651221001637e-07
8.064944267971441150e-08 -2.832659617979516042e-07 -1.743130155773542356e-07
6.568867405576384044e-08 -2.393174725057178875e-07 -2.262882787817943608e-07
6.568867405576384044e-08 -2.393174725057178875e-07 -2.262882787817943608e-07
-1.683396710916440497e-08 -2.102502776324399747e-07 -2.296857388728312799e-07
-1.125689621517267369e-07 -2.542583672493492486e-07 -1.115522785255507188e-08
-6.528950393658305984e-07 -2.240288807797696791e-07 9.097961992665659636e-07
-4.818197680833691265e-07 2.931109861492586788e-07 2.436914492420783063e-08
-3.496564033866889076e-07 1.887233764819029602e-07 3.619073041249976086e-08
1.764837804785202025e-07 1.875312847232635249e-07 -8.980356369647779502e-08
-2.767499722722277511e-07 2.494605269021121785e-07 5.091307997417970910e-08
1.764837804785202025e-07 1.875312847232635249e-07 -8.980356369647779502e-08
-2.731445114534380991e-08 -1.149126376276399242e-07 -7.961116921251232270e-08
-2.731445114534380991e-08 -1.149126376276399242e-07 -7.961116921251232270e-08
-2.766307716228766367e-07 2.492618307314842241e-07 5.142965520121833833e-08
-2.275066037782380590e-07 1.086941949779429706e-07 7.469533613857493037e-08
-1.447157416123445728e-07 -5.293373916970267601e-08 9.037135839662369108e-08
-1.447157416123445728e-07 -5.293373916970267601e-08 9.037135839662369108e-08
1.611455218153423630e-07 2.000879959496160154e-07 -4.324239810671315354e-08
1.611455218153423630e-07 2.000879959496160154e-07 -4.324239810671315354e-08
1.265251512450049631e-07 -9.723986238441284513e-08 -1.170528207694587763e-07
2.446019493618223350e-07 1.231185251526767388e-07 -5.266986491392344760e-08
1.064979855414094345e-07 -8.366987458430230618e-08 -7.510108446240337798e-08
-3.112511421932140365e-07 1.447252060415848973e-07 2.711622073547914624e-07
1.265251512450049631e-07 -9.723986238441284513e-08 -1.170528207694587763e-07
1.348002598433595267e-07 -2.772260359051870182e-07 -1.348050773231079802e-07
5.032066496823972557e-07 -3.052004728942847578e-07 -3.845187563911167672e-07
-4.733658443001331761e-07 -3.350922099798481213e-07 9.227900363839580677e-07
1.782123035809490830e-07 2.007237753787194379e-07 -9.900254838157707127e-08
1.786394818736880552e-07 -1.561292464202779229e-07 -1.611234701215380483e-08
1.786394818736880552e-07 -1.561292464202779229e-07 -1.611234701215380483e-08
1.149022423874157539e-07 -8.045122257271941635e-08 1.343695288369417540e-07
5.370025064621586353e-07 -2.224891062496681116e-07 -2.581072067187051289e-07
2.735294479805361334e-08 -1.335788368805879145e-07 -2.412291735254257219e-07
-9.043577620104770176e-08 -2.668945739969785791e-07 3.070415699468753701e-09
-7.835589599380909931e-08 -1.991638072240675683e-07 -2.254935509427014040e-07
2.179189380058232928e-07 1.295558291758425185e-07 -4.724256825738848420e-07
-9.156826763501157984e-08 -2.839414889876934467e-07 -2.238077101424096327e-08
2.825012168639062793e-10 -2.367346070286657778e-07 -1.835616814105378580e-07
-2.909060583533573663e-07 -9.789908439472583268e-09 -1.903297430771999643e-08
-2.910848877490934683e-07 9.232279296611523023e-08 3.307767713067732984e-07
-1.801109732468830771e-07 3.203105620741553139e-07 -1.280428918448706099e-08
