1.699996530078351498e-03 1.739996485412120819e-02 3.489992767572402954e-02
-1.027599908411502838e-02 5.423810333013534546e-03 2.292359247803688049e-02
-2.225187420845031738e-02 -6.552223116159439087e-03 1.094738207757472992e-02
-3.422763198614120483e-02 -1.852813363075256348e-02 -1.028710976243019104e-03
-4.620325565338134766e-02 -3.050392307341098785e-02 -1.300467830151319504e-02
-5.817876756191253662e-02 -4.247958585619926453e-02 -2.498052455484867096e-02
-7.015416771173477173e-02 -5.445513129234313965e-02 -3.695625811815261841e-02
-8.212944865226745605e-02 -6.643056124448776245e-02 -4.893185943365097046e-02
-9.410459548234939575e-02 -7.840587943792343140e-02 -6.090734526515007019e-02
-1.060796305537223816e-01 -9.038107097148895264e-02 -7.288271188735961914e-02
-1.180545464158058167e-01 -1.023561432957649231e-01 -8.485797047615051270e-02
-1.300293356180191040e-01 -1.136975437402725220e-01 -9.683310240507125854e-02
-1.420040130615234375e-01 -1.242727190256118774e-01 -1.088081002235412598e-01
-1.539785563945770264e-01 -1.341071426868438721e-01 -1.207829862833023071e-01
-1.659529805183410645e-01 -1.432249546051025391e-01 -1.327577531337738037e-01
-1.779272854328155518e-01 -1.516488641500473022e-01 -1.447324007749557495e-01
-1.899014562368392944e-01 -1.594003587961196899e-01 -1.567069292068481445e-01
-2.018755376338958740e-01 -1.664996296167373657e-01 -1.686813235282897949e-01
-2.138494849205017090e-01 -1.729655265808105469e-01 -1.806555986404418945e-01
-2.258233129978179932e-01 -1.788158714771270752e-01 -1.926297545433044434e-01
-2.377970218658447266e-01 -1.840675771236419678e-01 -2.046037763357162476e-01
-2.497705966234207153e-01 -1.887366771697998047e-01 -2.165777087211608887e-01
-2.600883841514587402e-01 -1.928385943174362183e-01 -2.285515069961547852e-01
-2.687277793884277344e-01 -1.963857710361480713e-01 -2.405251860618591309e-01
-2.757105231285095215e-01 -1.993862688541412354e-01 -2.524987459182739258e-01
-2.810612320899963379e-01 -2.018445134162902832e-01 -2.644721865653991699e-01
-2.848084270954132080e-01 -2.037619203329086304e-01 -2.764455080032348633e-01
-2.869848608970642090e-01 -2.051375955343246460e-01 -2.884187102317810059e-01
-2.876282930374145508e-01 -2.059691548347473145e-01 -3.003917932510375977e-01
-2.867825031280517578e-01 -2.062530964612960815e-01 -3.123647272586822510e-01
-2.844976484775543213e-01 -2.059859931468963623e-01 -3.243375420570373535e-01
-2.808298766613006592e-01 -2.051647156476974487e-01 -3.363102376461029053e-01
-2.758420109748840332e-01 -2.037875503301620483e-01 -3.482828140258789062e-01
-2.696038484573364258e-01 -2.018545120954513550e-01 -3.602553009986877441e-01
-2.621912658214569092e-01 -1.993682533502578735e-01 -3.722276389598846436e-01
-2.536865174770355225e-01 -1.963341534137725830e-01 -3.833218812942504883e-01
-2.441770732402801514e-01 -1.927614957094192505e-01 -3.918725550174713135e-01
-2.337545752525329590e-01 -1.886636018753051758e-01 -3.979164659976959229e-01
-2.225142717361450195e-01 -1.840584576129913330e-01 -4.015043675899505615e-01
-2.105544656515121460e-01 -1.789684742689132690e-01 -4.027013778686523438e-01
-1.985763460397720337e-01 -1.734203994274139404e-01 -4.015873670578002930e-01
-1.865983456373214722e-01 -1.674456149339675903e-01 -3.982563614845275879e-01
-1.746204644441604614e-01 -1.610796004533767700e-01 -3.928156495094299316e-01
-1.626427173614501953e-01 -1.543613821268081665e-01 -3.853854238986968994e-01
-1.506650894880294800e-01 -1.473327726125717163e-01 -3.760969340801239014e-01
-1.386875659227371216e-01 -1.400376558303833008e-01 -3.650909364223480225e-01
-1.267101615667343140e-01 -1.325211375951766968e-01 -3.531112372875213623e-01
-1.147328838706016541e-01 -1.248289793729782104e-01 -3.411316573619842529e-01
-1.027557253837585449e-01 -1.170072928071022034e-01 -3.291521966457366943e-01
-9.077869355678558350e-02 -1.091020554304122925e-01 -3.171728551387786865e-01
-7.880178838968276978e-02 -1.011586040258407593e-01 -3.051936626434326172e-01
-6.682500243186950684e-02 -9.322119504213333130e-02 -2.932145893573760986e-01
-5.484834685921669006e-02 -8.533259481191635132e-02 -2.812356352806091309e-01
-4.287180677056312561e-02 -7.753374427556991577e-02 -2.692568004131317139e-01
-3.089539147913455963e-02 -6.986352801322937012e-02 -2.572780847549438477e-01
-1.891909725964069366e-02 -6.235849112272262573e-02 -2.452995032072067261e-01
-6.942925974726676941e-03 -5.505270138382911682e-02 -2.333210259675979614e-01
4.920091480016708374e-03 -4.797765612602233887e-02 -2.213426828384399414e-01
1.607344485819339752e-02 -4.116214811801910400e-02 -2.093644589185714722e-01
2.649291232228279114e-02 -3.463200107216835022e-02 -1.973863542079925537e-01
3.616080433130264282e-02 -2.840986847877502441e-02 -1.854083538055419922e-01
4.506555199623107910e-02 -2.251520380377769470e-02 -1.734304726123809814e-01
5.320128798484802246e-02 -1.696425303816795349e-02 -1.614527255296707153e-01
6.056737154722213745e-02 -1.177008263766765594e-02 -1.494750976562500000e-01
6.716804206371307373e-02 -6.942638661712408066e-03 -1.374975889921188354e-01
7.301192730665206909e-02 -2.488833852112293243e-03 -1.255202144384384155e-01
7.811161130666732788e-02 1.587346778251230717e-03 -1.135429516434669495e-01
8.248330652713775635e-02 5.284716840833425522e-03 -1.015658080577850342e-01
8.614634722471237183e-02 8.604737929999828339e-03 -8.958879113197326660e-02
8.912296593189239502e-02 1.155136432498693466e-02 -7.761189341545104980e-02
9.143776446580886841e-02 1.413086429238319397e-02 -6.563511490821838379e-02
9.311753511428833008e-02 1.635164208710193634e-02 -5.365846678614616394e-02
9.419080615043640137e-02 1.822404749691486359e-02 -4.168194159865379333e-02
9.468768537044525146e-02 1.976016536355018616e-02 -2.970553562045097351e-02
9.463944286108016968e-02 2.097364701330661774e-02 -1.772925257682800293e-02
9.407837688922882080e-02 2.187947556376457214e-02 -5.753094796091318130e-03
9.303748607635498047e-02 2.249380387365818024e-02 6.222945172339677811e-03
9.155027568340301514e-02 2.283370867371559143e-02 1.819886080920696259e-02
8.965051919221878052e-02 2.291706204414367676e-02 3.017465583980083466e-02
8.737216889858245850e-02 2.276229485869407654e-02 4.215033724904060364e-02
8.474907279014587402e-02 2.238823287189006805e-02 5.412589013576507568e-02
8.181490004062652588e-02 2.181393280625343323e-02 6.610132753849029541e-02
7.860299944877624512e-02 2.105851657688617706e-02 7.807664573192596436e-02
7.514619827270507812e-02 2.014102041721343994e-02 9.005184471607208252e-02
7.147675752639770508e-02 1.908025145530700684e-02 1.020269244909286499e-01
6.762626767158508301e-02 1.789465919137001038e-02 1.140018850564956665e-01
6.362553685903549194e-02 1.660221070051193237e-02 1.259767115116119385e-01
5.950454622507095337e-02 1.522031240165233612e-02 1.379514336585998535e-01
5.529230460524559021e-02 1.376567874103784561e-02 1.488980054855346680e-01
5.101683735847473145e-02 1.225429587066173553e-02 1.583658158779144287e-01
4.670510813593864441e-02 1.070140395313501358e-02 1.663818806409835815e-01
4.238289222121238708e-02 9.121478535234928131e-03 1.729794293642044067e-01
3.807476535439491272e-02 7.528215646743774414e-03 1.781975924968719482e-01
3.380402922630310059e-02 5.934507120400667191e-03 1.820810884237289429e-01
2.959262579679489136e-02 4.352421965450048447e-03 1.846796274185180664e-01
2.546109817922115326e-02 2.793188206851482391e-03 1.860477775335311890e-01
2.142853662371635437e-02 1.267177285626530647e-03 1.862441748380661011e-01
1.751252263784408569e-02 -2.161088777938857675e-04 1.853314042091369629e-01
1.372909173369407654e-02 -1.648047356866300106e-03 1.833751797676086426e-01
1.009269524365663528e-02 -3.020900767296552658e-03 1.804441958665847778e-01
6.616193335503339767e-03 -4.327815026044845581e-03 1.766093820333480835e-01
3.310829866677522659e-03 -5.562816280871629715e-03 1.719432473182678223e-01
1.862399803940206766e-04 -6.720801815390586853e-03 1.665197461843490601e-01
-2.749536652117967606e-03 -7.797517348080873489e-03 1.604133993387222290e-01
-5.490031559020280838e-03 -8.789543062448501587e-03 1.536989212036132812e-01
-8.030313998460769653e-03 -9.694265201687812805e-03 1.464507430791854858e-01
-1.036693807691335678e-02 -1.050984673202037811e-02 1.387425065040588379e-01
-1.249789725989103317e-02 -1.123518962413072586e-02 1.306465268135070801e-01
-1.442254614084959030e-02 -1.186989340931177139e-02 1.222334876656532288e-01
-1.614153571426868439e-02 -1.241421606391668320e-02 1.135721206665039062e-01
-1.765673607587814331e-02 -1.286902930587530136e-02 1.047287210822105408e-01
-1.897115260362625122e-02 -1.323577295988798141e-02 9.576685726642608643e-02
-2.008882910013198853e-02 -1.351640839129686356e-02 8.674726635217666626e-02
-2.101478353142738342e-02 -1.371336542069911957e-02 7.772747427225112915e-02
-2.175488322973251343e-02 -1.382950134575366974e-02 6.876163929700851440e-02
-2.231577225029468536e-02 -1.386804413050413132e-02 5.990046635270118713e-02
-2.270479872822761536e-02 -1.383255608379840851e-02 5.119103565812110901e-02
-2.292989008128643036e-02 -1.372687891125679016e-02 4.267679154872894287e-02
-2.299948781728744507e-02 -1.355509273707866669e-02 3.439741581678390503e-02
-2.292247675359249115e-02 -1.332147512584924698e-02 2.638887614011764526e-02
-2.270806767046451569e-02 -1.303045731037855148e-02 1.868340559303760529e-02
-2.236575633287429810e-02 -1.268658973276615143e-02 1.130952779203653336e-02
-2.190522849559783936e-02 -1.229450758546590805e-02 4.292145371437072754e-03
-2.133630774915218353e-02 -1.185888051986694336e-02 -2.347425557672977448e-03
-2.066885866224765778e-02 -1.138439867645502090e-02 -8.591352961957454681e-03
-1.991276443004608154e-02 -1.087573263794183731e-02 -1.442519016563892365e-02
-1.907784678041934967e-02 -1.033751294016838074e-02 -1.983775384724140167e-02
-1.817381009459495544e-02 -9.774296544492244720e-03 -2.482099831104278564e-02
-1.721020601689815521e-02 -9.190545417368412018e-03 -2.936989441514015198e-02
-1.619637571275234222e-02 -8.590609766542911530e-03 -3.348225727677345276e-02
-1.514141261577606201e-02 -7.978699170053005219e-03 -3.715862706303596497e-02
-1.405411865562200546e-02 -7.358868606388568878e-03 -4.040206596255302429e-02
-1.294298470020294189e-02 -6.735010072588920593e-03 -4.321806877851486206e-02
-1.181614119559526443e-02 -6.110828835517168045e-03 -4.561430960893630981e-02
-1.068134233355522156e-02 -5.489834584295749664e-03 -4.760053381323814392e-02
-9.545937180519104004e-03 -4.875331185758113861e-03 -4.918835684657096863e-02
-8.416857570409774780e-03 -4.270407371222972870e-03 -5.039112269878387451e-02
-7.300593424588441849e-03 -3.677934641018509865e-03 -5.122365057468414307e-02
-6.203182507306337357e-03 -3.100553760305047035e-03 -5.170220136642456055e-02
-5.130200646817684174e-03 -2.540677553042769432e-03 -5.184415355324745178e-02
-4.086751956492662430e-03 -2.000486012548208237e-03 -5.166792869567871094e-02
-3.077470930293202400e-03 -1.481927116401493549e-03 -5.119278654456138611e-02
-2.106517320498824120e-03 -9.867174085229635239e-04 -5.043869838118553162e-02
-1.177578466013073921e-03 -5.163433961570262909e-04 -4.942616447806358337e-02
-2.938758989330381155e-04 -7.206662121461704373e-05 -4.817604273557662964e-02
5.418290384113788605e-04 3.450730582699179649e-04 -4.670943692326545715e-02
1.327223842963576317e-03 7.342505850829184055e-04 -4.504754766821861267e-02
2.060434315353631973e-03 1.094849430955946445e-03 -4.321151971817016602e-02
2.740010619163513184e-03 1.426453702151775360e-03 -4.122234880924224854e-02
3.364910837262868881e-03 1.728839590214192867e-03 -3.910072520375251770e-02
3.934484440833330154e-03 2.001965884119272232e-03 -3.686695545911788940e-02
4.448452498763799667e-03 2.245963783934712410e-03 -3.454087674617767334e-02
4.906889982521533966e-03 2.461127704009413719e-03 -3.214172646403312683e-02
5.310205277055501938e-03 2.647903980687260628e-03 -2.968806773424148560e-02
5.659111309796571732e-03 2.806877484545111656e-03 -2.719772420823574066e-02
5.954612977802753448e-03 2.938764169812202454e-03 -2.468772791326045990e-02
6.197980139404535294e-03 3.044397104531526566e-03 -2.217424474656581879e-02
6.390721071511507034e-03 3.124713199213147163e-03 -1.967252232134342194e-02
6.534566171467304230e-03 3.180746920406818390e-03 -1.719687320291996002e-02
6.631437689065933228e-03 3.213613294064998627e-03 -1.476061623543500900e-02
6.683435756713151932e-03 3.224499290809035301e-03 -1.237607654184103012e-02
6.692804861813783646e-03 3.214654047042131424e-03 -1.005455758422613144e-02
6.661919876933097839e-03 3.185373265296220779e-03 -7.806334644556045532e-03
6.593260448426008224e-03 3.137994091957807541e-03 -5.640652962028980255e-03
6.489389110356569290e-03 3.073881845921278000e-03 -3.565728897228837013e-03
6.352936383336782455e-03 2.994421869516372681e-03 -1.588765298947691917e-03
6.186576094478368759e-03 2.901008352637290955e-03 2.840367378666996956e-04
5.993006750941276550e-03 2.795036882162094116e-03 2.047456335276365280e-03
5.774938501417636871e-03 2.677896525710821152e-03 3.697228617966175079e-03
5.535069387406110764e-03 2.550961216911673546e-03 5.230012349784374237e-03
5.276076029986143112e-03 2.415582071989774704e-03 6.643358618021011353e-03
5.000595003366470337e-03 2.273082267493009567e-03 7.935676723718643188e-03
4.711211659014225006e-03 2.124749356880784035e-03 9.106187149882316589e-03
4.410446621477603912e-03 1.971831312403082848e-03 1.015488337725400925e-02
4.100743681192398071e-03 1.815529307350516319e-03 1.108249742537736893e-02
3.784459549933671951e-03 1.656994922086596489e-03 1.189043279737234116e-02
3.463857341557741165e-03 1.497325371019542217e-03 1.258073095232248306e-02
3.141096327453851700e-03 1.337560825049877167e-03 1.315602194517850876e-02
2.818223321810364723e-03 1.178680802695453167e-03 1.361947506666183472e-02
2.497169887647032738e-03 1.021602889522910118e-03 1.397474203258752823e-02
2.179746283218264580e-03 8.671797113493084908e-04 1.422591041773557663e-02
1.867637620307505131e-03 7.161980611272156239e-04 1.437746454030275345e-02
1.562400138936936855e-03 5.693779676221311092e-04 1.443422399461269379e-02
1.265459926798939705e-03 4.273727245163172483e-04 1.440129242837429047e-02
9.781119879335165024e-04 2.907683083321899176e-04 1.428402494639158249e-02
7.015202427282929420e-04 1.600839750608429313e-04 1.408796757459640503e-02
4.367170040495693684e-04 3.577297320589423180e-05 1.381882838904857635e-02
1.846055674832314253e-04 -8.177613199222832918e-05 1.348241791129112244e-02
-5.403890827437862754e-05 -1.922384108183905482e-04 1.308461837470531464e-02
-2.785660326480865479e-04 -2.953505027107894421e-04 1.263133995234966278e-02
-4.884469090029597282e-04 -3.909087390638887882e-04 1.212848722934722900e-02
-6.832708604633808136e-04 -4.787669749930500984e-04 1.158191915601491928e-02
-8.627403294667601585e-04 -5.588338826783001423e-04 1.099741924554109573e-02
-1.026667072437703609e-03 -6.310708122327923775e-04 1.038067322224378586e-02
-1.174966106191277504e-03 -6.954882992431521416e-04 9.737228974699974060e-03
-1.307651167735457420e-03 -7.521434454247355461e-04 9.072467684745788574e-03
-1.424828427843749523e-03 -8.011375903151929379e-04 8.391601964831352234e-03
-1.526690670289099216e-03 -8.426118292845785618e-04 7.699632085859775543e-03
-1.613510656170547009e-03 -8.767447434365749359e-04 7.001341320574283600e-03
-1.685636467300355434e-03 -9.037490235641598701e-04 6.301274057477712631e-03
-1.743482658639550209e-03 -9.238676284439861774e-04 5.603725090622901917e-03
-1.787526649422943592e-03 -9.373719803988933563e-04 4.912726581096649170e-03
-1.818300224840641022e-03 -9.445568430237472057e-04 4.232038278132677078e-03
-1.836384180933237076e-03 -9.457387495785951614e-04 3.565144725143909454e-03
-1.842401688918471336e-03 -9.412518120370805264e-04 2.915245946496725082e-03
-1.837012241594493389e-03 -9.314453927800059319e-04 2.285256283357739449e-03
-1.820905017666518688e-03 -9.166807285510003567e-04 1.677803811617195606e-03
-1.794795156456530094e-03 -8.973277290351688862e-04 1.095229759812355042e-03
-1.759414793923497200e-03 -8.737635798752307892e-04 5.395919433794915676e-04
-1.715511083602905273e-03 -8.463684935122728348e-04 1.266933759325183928e-05
-1.663837581872940063e-03 -8.155240211635828018e-04 -4.840344772674143314e-04
-1.605151803232729435e-03 -7.816108991391956806e-04 -9.492824319750070572e-04
-1.540209981612861156e-03 -7.450060220435261726e-04 -1.382097019813954830e-03
-1.469761133193969727e-03 -7.060813368298113346e-04 -1.781751867383718491e-03
-1.394545310176908970e-03 -6.652010488323867321e-04 -2.147760242223739624e-03
-1.315287197940051556e-03 -6.227203994058072567e-04 -2.479864750057458878e-03
-1.232695183716714382e-03 -5.789838614873588085e-04 -2.778026275336742401e-03
-1.147456699982285500e-03 -5.343239172361791134e-04 -3.042411059141159058e-03
-1.060234848409891129e-03 -4.890594282187521458e-04 -3.273378359153866768e-03
-9.716663043946027756e-04 -4.434944421518594027e-04 -3.471465315669775009e-03
-8.823597454465925694e-04 -3.979176981374621391e-04 -3.637376707047224045e-03
-7.928931736387312412e-04 -3.526014625094830990e-04 -3.771969815716147423e-03
-7.038122275844216347e-04 -3.078006848227232695e-04 -3.876237897202372551e-03
-6.156286108307540417e-04 -2.637528232298791409e-04 -3.951300401240587234e-03
-5.288192769512534142e-04 -2.206771750934422016e-04 -3.998388070613145828e-03
-4.438257310539484024e-04 -1.787747023627161980e-04 -4.018828272819519043e-03
-3.610529238358139992e-04 -1.382277987431734800e-04 -4.014027304947376251e-03
-2.808692515827715397e-04 -9.920038428390398622e-05 -3.985468298196792603e-03
-2.036065998254343867e-04 -6.183786172186955810e-05 -3.934685606509447098e-03
-1.295599795412272215e-04 -2.626736386446282268e-05 -3.863261081278324127e-03
-5.898833842366002500e-05 7.401936727546853945e-06 -3.772810567170381546e-03
7.885194463597144932e-06 3.907852442353032529e-05 -3.664969000965356827e-03
7.087245467118918896e-05 6.868802302051335573e-05 -3.541382262483239174e-03
1.298193674301728606e-04 9.617263276595622301e-05 -3.403695300221443176e-03
1.846049417508766055e-04 1.214906005770899355e-04 -3.253543050959706306e-03
2.351400326006114483e-04 1.446155074518173933e-04 -3.092542523518204689e-03
2.813661703839898109e-04 1.655355008551850915e-04 -2.922280458733439445e-03
3.232540911994874477e-04 1.842526253312826157e-04 -2.744308672845363617e-03
3.608020779211074114e-04 2.007819857681170106e-04 -2.560136141255497932e-03
3.940346359740942717e-04 2.151508961105719209e-04 -2.371222712099552155e-03
4.230005724821239710e-04 2.273979334859177470e-04 -2.178972586989402771e-03
4.477716574911028147e-04 2.375722251599654555e-04 -1.984727801755070686e-03
4.684404702857136726e-04 2.457323716953396797e-04 -1.789766713045537472e-03
4.851187986787408590e-04 2.519457193557173014e-04 -1.595297944732010365e-03
4.979363875463604927e-04 2.562872832641005516e-04 -1.402457943186163902e-03
5.070378538221120834e-04 2.588391071185469627e-04 -1.212307251989841461e-03
5.125824245624244213e-04 2.596892300061881542e-04 -1.025830162689089775e-03
5.147413467057049274e-04 2.589304931461811066e-04 -8.439318626187741756e-04
5.136959371156990528e-04 2.566602488514035940e-04 -6.674382020719349384e-04
5.096368258818984032e-04 2.529793418943881989e-04 -4.970955778844654560e-04
5.027613369747996330e-04 2.479912072885781527e-04 -3.335702058393508196e-04
4.932726151309907436e-04 2.418009971734136343e-04 -1.774493284756317735e-04
4.813775012735277414e-04 2.345151442568749189e-04 -2.924209729826543480e-05
4.672854265663772821e-04 2.262404887005686760e-04 1.106190538848750293e-04
4.512071900535374880e-04 2.170836523873731494e-04 2.417765208519995213e-04
4.333529213909059763e-04 2.071503404295071959e-04 3.639452625066041946e-04
4.139317316003143787e-04 1.965449046110734344e-04 4.769107326865196228e-04
3.931498504243791103e-04 1.853695866884663701e-04 5.805254331789910793e-04
3.712098696269094944e-04 1.737242855597287416e-04 6.747065344825387001e-04
3.483096661511808634e-04 1.617058296687901020e-04 7.594326743856072426e-04
3.246414999011904001e-04 1.494078314863145351e-04 8.347399998456239700e-04
3.003912279382348061e-04 1.369201345369219780e-04 9.007191401906311512e-04
2.757375186774879694e-04 1.243285078089684248e-04 9.575113072060048580e-04
2.508510951884090900e-04 1.117144856834784150e-04 1.005304860882461071e-03
2.258942695334553719e-04 9.915496048051863909e-05 1.044330769218504429e-03
2.010205062106251717e-04 8.672210969962179661e-05 1.074859290383756161e-03
1.763739273883402348e-04 7.448322139680385590e-05 1.097196480259299278e-03
1.520889927633106709e-04 6.250049773370847106e-05 1.111679128371179104e-03
1.282902521779760718e-04 5.083106225356459618e-05 1.118672778829932213e-03
1.050923019647598267e-04 3.952685801777988672e-05 1.118565676733851433e-03
8.259942114818841219e-05 2.863465124391950667e-05 1.111766439862549305e-03
6.090573879191651940e-05 1.819604403863195330e-05 1.098701148293912411e-03
4.009517215308733284e-05 8.247532605309970677e-06 1.079807523638010025e-03
2.024153218371793628e-05 -1.179421474262198899e-06 1.055534579791128635e-03
1.408652565260126721e-06 -1.005830108624650165e-05 1.026336452923715115e-03
-1.634942054806742817e-05 -1.836739465943537652e-05 9.926717029884457588e-04
-3.298816955066286027e-05 -2.608965405670460314e-05 9.549981914460659027e-04
-4.847234231419861317e-05 -3.321252370369620621e-05 9.137722081504762173e-04
-6.277562351897358894e-05 -3.972776903538033366e-05 8.694447460584342480e-04
-7.588029257021844387e-05 -4.563126276480033994e-05 8.224596967920660973e-04
-8.777677430771291256e-05 -5.092279025120660663e-05 7.732513477094471455e-04
-9.846336615737527609e-05 -5.560581848840229213e-05 7.222419371828436852e-04
-1.079456487786956131e-04 -5.968724508420564234e-05 6.698404904454946518e-04
-1.162360786111094058e-04 -6.317718361970037222e-05 6.164407241158187389e-04
-1.233535440405830741e-04 -6.608869443880394101e-05 5.624201148748397827e-04
-1.293228997383266687e-04 -6.843759183539077640e-05 5.081375711597502232e-04
-1.341744791716337204e-04 -7.024213118711486459e-05 4.539332876447588205e-04
-1.379434252157807350e-04 -7.152273610699921846e-05 4.001272318419069052e-04
-1.406694791512563825e-04 -7.230188202811405063e-05 3.470188239589333534e-04
-1.423962094122543931e-04 -7.260372512973845005e-05 2.948858600575476885e-04
-1.431708806194365025e-04 -7.245384040288627148e-05 2.439845266053453088e-04
-1.430434786016121507e-04 -7.187907613115385175e-05 1.945488475030288100e-04
-1.420666812919080257e-04 -7.090726285241544247e-05 1.467904803575947881e-04
-1.402952038915827870e-04 -6.956704601179808378e-05 1.008989856927655637e-04
-1.377853623125702143e-04 -6.788764585508033633e-05 5.704181239707395434e-05
-1.345946366200223565e-04 -6.589855911443009973e-05 1.536464151286054403e-05
-1.307812781305983663e-04 -6.362951535265892744e-05 -2.400830999249592423e-05
-1.264039165107533336e-04 -6.111017137300223112e-05 -6.097376171965152025e-05
-1.215212396346032619e-04 -5.836998752783983946e-05 -9.544877684675157070e-05
-1.161914915428496897e-04 -5.543805673369206488e-05 -1.273701054742559791e-04
-1.104723196476697922e-04 -5.234293712419457734e-05 -1.566934370202943683e-04
-1.044203745550476015e-04 -4.911253927275538445e-05 -1.833925489336252213e-04
-9.809101902646943927e-05 -4.577398067340254784e-05 -2.074584626825526357e-04
-9.153810242423787713e-05 -4.235345477354712784e-05 -2.288984833285212517e-04
-8.481375698465853930e-05 -3.887614730047062039e-05 -2.477351226843893528e-04
-7.796808495186269283e-05 -3.536614531185477972e-05 -2.640053571667522192e-04
-7.104906399035826325e-05 -3.184631714248098433e-05 -2.777592453639954329e-04
-6.410232163034379482e-05 -2.833830694726202637e-05 -2.890591276809573174e-04
-5.717107706004753709e-05 -2.486243465682491660e-05 -2.979784912895411253e-04
-5.029594103689305484e-05 -2.143764686479698867e-05 -3.046007768716663122e-04
-4.351486131781712174e-05 -1.808152410376351327e-05 -3.090182726737111807e-04
-3.686303534777835011e-05 -1.481019353377632797e-05 -3.113313287030905485e-04
-3.037287387996912003e-05 -1.163836805062601343e-05 -3.116472507826983929e-04
-2.407394458714406937e-05 -8.579315363022033125e-06 -3.100788453593850136e-04
-1.799296660465188324e-05 -5.644861630571540445e-06 -3.067439538426697254e-04
-1.215383053931873292e-05 -2.845410335794440471e-06 -3.017639974132180214e-04
-6.577597559953574091e-06 -1.899571344665673678e-07 -2.952633658424019814e-04
-1.282546122638450470e-06 2.313881623194902204e-06 -2.873685152735561132e-04
3.715782213475904427e-06 4.659833848563721403e-06 -2.782068331725895405e-04
8.404515938309486955e-06 6.842933089501457289e-06 -2.679059689398854971e-04
1.277337469218764454e-05 8.859477020450867712e-06 -2.565931645222008228e-04
1.681459070823621005e-05 1.070696907845558599e-05 -2.443942357785999775e-04
2.052279887720942497e-05 1.238406730408314615e-05 -2.314332814421504736e-04
2.389493965893052518e-05 1.389053340972168371e-05 -2.178316790377721190e-04
2.693014539545401931e-05 1.522715501778293401e-05 -2.037077210843563080e-04
2.962960934382863343e-05 1.639570473344065249e-05 -1.891760184662416577e-04
3.199646744178608060e-05 1.739884282869752496e-05 -1.743470202200114727e-04
3.403567097848281264e-05 1.824007995310239494e-05 -1.593266060808673501e-04
3.575384107534773648e-05 1.892368527478538454e-05 -1.442157517885789275e-04
3.715914863278158009e-05 1.945463554875459522e-05 -1.291101507376879454e-04
3.826116517302580178e-05 1.983852416742593050e-05 -1.140999374911189079e-04
3.907073187292553484e-05 2.008152296184562147e-05 -9.926949132932350039e-05
3.959982132073491812e-05 2.019027124333661050e-05 -8.469730528304353356e-05
3.986137380707077682e-05 2.017183578573167324e-05 -7.045577513054013252e-05
3.986921365140005946e-05 2.003364716074429452e-05 -5.661117393174208701e-05
3.963789276895113289e-05 1.978340878849849105e-05 -4.322357199271209538e-05
3.918252696166746318e-05 1.942906965268775821e-05 -3.034686051250901073e-05
3.851872679661028087e-05 1.897874062706250697e-05 -1.802878614398650825e-05
3.766245572478510439e-05 1.844063808675855398e-05 -6.310983280854998156e-06
3.662989183794707060e-05 1.782302751962561160e-05 4.770899522554827854e-06
3.543738057487644255e-05 1.713418168947100639e-05 1.518706176284467801e-05
3.410123827052302659e-05 1.638232424738816917e-05 2.491341183485928923e-05
3.263772305217571557e-05 1.557557698106393218e-05 3.393135921214707196e-05
3.106292206211946905e-05 1.472193252993747592e-05 4.222764255246147513e-05
2.939267687906976789e-05 1.382919708703411743e-05 4.979407458449713886e-05
2.764246710285078734e-05 1.290496584260836244e-05 5.662730836775153875e-05
2.582736487966030836e-05 1.195658842334523797e-05 6.272858445299789310e-05
2.396197669440880418e-05 1.099112705560401082e-05 6.810346530983224511e-05
2.206035605922807008e-05 1.001534747047116980e-05 7.276151154655963182e-05
2.013598168559838086e-05 9.035685252456460148e-06 7.671603816561400890e-05
1.820167562982533127e-05 8.058234016061760485e-06 7.998381624929606915e-05
1.626959965506102890e-05 7.088717211445327848e-06 8.258479647338390350e-05
1.435118974768556654e-05 6.132485850685043260e-06 8.454169437754899263e-05
1.245714702236000448e-05 5.194501682126428932e-06 8.587985212216153741e-05
1.059741589415352792e-05 4.279334461898542941e-06 8.662683831062167883e-05
8.781154065218288451e-06 3.391151949472259730e-06 8.681215695105493069e-05
7.016741619736421853e-06 2.533720362407620996e-06 8.646698552183806896e-05
5.311760105541907251e-06 1.710408128019480500e-06 8.562388393329456449e-05
3.673003448056988418e-06 9.241833822670741938e-07 8.431654714513570070e-05
2.106475903929094784e-06 1.776220273086437373e-07 8.257948502432554960e-05
6.174052487040171400e-07 -5.270856604511209298e-07 8.044781861826777458e-05
-7.897457408034824766e-07 -1.188125793305516709e-06 7.795700366841629148e-05
-2.111261210302473046e-06 -1.804050498321885243e-06 7.514258322771638632e-05
-3.344151309647713788e-06 -2.373764800722710788e-06 7.204002758953720331e-05
-4.486129455472109839e-06 -2.896513933592359535e-06 6.868447962915524840e-05
-5.535584023164119571e-06 -3.371868842805270106e-06 6.511054380098357797e-05
-6.491553449450293556e-06 -3.799706064455676824e-06 6.135223520686849952e-05
-7.353685759881045669e-06 -4.180197720415890217e-06 5.744263035012409091e-05
-8.122216058836784214e-06 -4.513785370363621041e-06 5.341383803170174360e-05
-8.797920600045472383e-06 -4.801167960977181792e-06 4.929684291710145772e-05
-9.382091775478329509e-06 -5.043282271799398586e-06 4.512136729317717254e-05
-9.876494914351496845e-06 -5.241279268375365064e-06 4.091575829079374671e-05
-1.028333190333796665e-05 -5.396510005084564909e-06 3.670695878099650145e-05
-1.060520116880070418e-05 -5.510505616257432848e-06 3.252033275202848017e-05
-1.084505765902576968e-05 -5.584952305071055889e-06 2.837969259417150170e-05
-1.100618283089715987e-05 -5.621677701128646731e-06 2.430717540846671909e-05
-1.109213462768821046e-05 -5.622632670565508306e-06 2.032325755862984806e-05
-1.110672292270464823e-05 -5.589865850197384134e-06 1.644670010136906058e-05
-1.105396768252830952e-05 -5.525512278836686164e-06 1.269454605790087953e-05
-1.093805531127145514e-05 -5.431774752651108429e-06 9.082104043045546860e-06
-1.076330954674631357e-05 -5.310902906785486266e-06 5.622976004815427586e-06
-1.053415871865581721e-05 -5.165180937183322385e-06 2.329059043404413387e-06
-1.025510300678433850e-05 -4.996909410692751408e-06 -7.894209375081118196e-07
-9.930684427672531456e-06 -4.808394351130118594e-06 -3.723877625816385262e-06
-9.565451364323962480e-06 -4.601925411407137290e-06 -6.467319963121553883e-06
-9.163937647826969624e-06 -4.379772235552081838e-06 -9.014302122523076832e-06
-8.730637091503012925e-06 -4.144168087805155665e-06 -1.136087121267337352e-05
-8.269969839602708817e-06 -3.897295300703262910e-06 -1.350449565507005900e-05
-7.786265086906496435e-06 -3.641281637101201341e-06 -1.544400402053724974e-05
-7.283748345798812807e-06 -3.378183919267030433e-06 -1.717952545732259750e-05
-6.766506885469425470e-06 -3.109985527771641500e-06 -1.871238600870128721e-05
-6.238486548681976274e-06 -2.838586397047038190e-06 -2.004507223318796605e-05
-5.703469014406437054e-06 -2.565793920439318754e-06 -2.118110205628909171e-05
-5.165057700651232153e-06 -2.293322722835000604e-06 -2.212498293374665082e-05
-4.626673671737080440e-06 -2.022785565714002587e-06 -2.288211908307857811e-05
-4.091540176887065172e-06 -1.755691300786565989e-06 -2.345870234421454370e-05
-3.562672191037563607e-06 -1.493441118327609729e-06 -2.386166124779265374e-05
-3.042878461201325990e-06 -1.237326841874164529e-06 -2.409856642771046609e-05
-2.534749228289001621e-06 -9.885297913569957018e-07 -2.417755604255944490e-05
-2.040655999735463411e-06 -7.481184525204298552e-07 -2.410722481727134436e-05
