1.699996530078351498e-03 1.739996485412120819e-02 3.489992767572402954e-02
-1.027600094676017761e-02 1.189243048429489136e-02 2.292359247803688049e-02
-2.225187607109546661e-02 6.493290886282920837e-03 1.094738021492958069e-02
-3.422763571143150330e-02 1.163452630862593651e-03 -1.028714003041386604e-03
-4.620325937867164612e-02 -4.127122927457094193e-03 -1.300468109548091888e-02
-5.817877128720283508e-02 -9.420897811651229858e-03 -2.498052828013896942e-02
-7.002408802509307861e-02 -1.474777981638908386e-02 -3.695625066757202148e-02
-8.140127360820770264e-02 -2.012655325233936310e-02 -4.893184825778007507e-02
-9.232732653617858887e-02 -2.558089606463909149e-02 -6.090733036398887634e-02
-1.028323173522949219e-01 -3.113564848899841309e-02 -7.288269698619842529e-02
-1.129282712936401367e-01 -3.679008409380912781e-02 -8.485795557498931885e-02
-1.226264983415603638e-01 -4.255701974034309387e-02 -9.683308750391006470e-02
-1.319500505924224854e-01 -4.844478517770767212e-02 -1.088080927729606628e-01
-1.409029215574264526e-01 -5.444910749793052673e-02 -1.207829713821411133e-01
-1.495007425546646118e-01 -6.058334559202194214e-02 -1.327577382326126099e-01
-1.577343791723251343e-01 -6.683412194252014160e-02 -1.447323858737945557e-01
-1.656191647052764893e-01 -7.319291681051254272e-02 -1.567069143056869507e-01
-1.731506437063217163e-01 -7.965327799320220947e-02 -1.686813086271286011e-01
-1.803294122219085693e-01 -8.619512617588043213e-02 -1.806555837392807007e-01
-1.871449500322341919e-01 -9.279181063175201416e-02 -1.926297396421432495e-01
-1.935843378305435181e-01 -9.941584616899490356e-02 -2.046037614345550537e-01
-1.996627599000930786e-01 -1.060511842370033264e-01 -2.165776938199996948e-01
-2.053732126951217651e-01 -1.126665920019149780e-01 -2.285514920949935913e-01
-2.106803059577941895e-01 -1.192000284790992737e-01 -2.405251711606979370e-01
-2.155740708112716675e-01 -1.256240159273147583e-01 -2.524987161159515381e-01
-2.200501710176467896e-01 -1.318945288658142090e-01 -2.644721567630767822e-01
-2.240867018699645996e-01 -1.379618048667907715e-01 -2.764454782009124756e-01
-2.276591807603836060e-01 -1.437821835279464722e-01 -2.884186804294586182e-01
-2.307787388563156128e-01 -1.492911428213119507e-01 -3.003917634487152100e-01
-2.334140986204147339e-01 -1.544502973556518555e-01 -3.111530840396881104e-01
-2.355360984802246094e-01 -1.591819822788238525e-01 -3.202725052833557129e-01
-2.371479570865631104e-01 -1.634227782487869263e-01 -3.276666104793548584e-01
-2.382095158100128174e-01 -1.670776158571243286e-01 -3.333098888397216797e-01
-2.386758476495742798e-01 -1.700901836156845093e-01 -3.371807634830474854e-01
-2.385287731885910034e-01 -1.723854839801788330e-01 -3.392758667469024658e-01
-2.377099543809890747e-01 -1.739221811294555664e-01 -3.396103978157043457e-01
-2.362027019262313843e-01 -1.746468991041183472e-01 -3.382101356983184814e-01
-2.339745312929153442e-01 -1.745287328958511353e-01 -3.351616561412811279e-01
-2.310082614421844482e-01 -1.735522598028182983e-01 -3.305184841156005859e-01
-2.272617369890213013e-01 -1.717063486576080322e-01 -3.244106471538543701e-01
-2.227397114038467407e-01 -1.690137088298797607e-01 -3.169177472591400146e-01
-2.174334079027175903e-01 -1.654818356037139893e-01 -3.081804513931274414e-01
-2.113497555255889893e-01 -1.611562520265579224e-01 -2.983283102512359619e-01
-2.045058608055114746e-01 -1.560957729816436768e-01 -2.874972522258758545e-01
-1.969253420829772949e-01 -1.503425240516662598e-01 -2.758283019065856934e-01
-1.886582374572753906e-01 -1.439747363328933716e-01 -2.638495266437530518e-01
-1.797416210174560547e-01 -1.370626837015151978e-01 -2.518708705902099609e-01
-1.702656298875808716e-01 -1.297196149826049805e-01 -2.398923188447952271e-01
-1.603166162967681885e-01 -1.220311596989631653e-01 -2.279139012098312378e-01
-1.499719321727752686e-01 -1.140771880745887756e-01 -2.159356027841567993e-01
-1.393127888441085815e-01 -1.059379950165748596e-01 -2.039574235677719116e-01
-1.284253299236297607e-01 -9.769052267074584961e-02 -1.919793784618377686e-01
-1.173951029777526855e-01 -8.941668272018432617e-02 -1.800014525651931763e-01
-1.063049808144569397e-01 -8.117082715034484863e-02 -1.680236309766769409e-01
-9.524287283420562744e-02 -7.301293313503265381e-02 -1.560459285974502563e-01
-8.427888900041580200e-02 -6.500424444675445557e-02 -1.440683454275131226e-01
-7.348719984292984009e-02 -5.719382315874099731e-02 -1.320908963680267334e-01
-6.294190138578414917e-02 -4.961768165230751038e-02 -1.201135665178298950e-01
-5.270297825336456299e-02 -4.232086986303329468e-02 -1.081363633275032043e-01
-4.283610731363296509e-02 -3.533526510000228882e-02 -9.615927934646606445e-02
-3.339093178510665894e-02 -2.868804521858692169e-02 -8.418230712413787842e-02
-2.440573647618293762e-02 -2.240180224180221558e-02 -7.220546156167984009e-02
-1.592426747083663940e-02 -1.650458015501499176e-02 -6.022873893380165100e-02
-7.982849143445491791e-03 -1.098600029945373535e-02 -4.854770377278327942e-02
-6.100313621573150158e-04 -5.885525606572628021e-03 -3.776594996452331543e-02
6.160278338938951492e-03 -1.209878944791853428e-03 -2.789408713579177856e-02
1.230089645832777023e-02 3.032489679753780365e-03 -1.891530491411685944e-02
1.779634132981300354e-02 6.843357812613248825e-03 -1.080720778554677963e-02
2.265088818967342377e-02 1.022172905504703522e-02 -3.549188375473022461e-03
2.685854583978652954e-02 1.317834667861461639e-02 2.889551455155014992e-03
3.044890053570270538e-02 1.573245786130428314e-02 8.538924157619476318e-03
3.344506397843360901e-02 1.789804734289646149e-02 1.342885103076696396e-02
3.585970401763916016e-02 1.968948729336261749e-02 1.761779561638832092e-02
3.773346543312072754e-02 2.112526632845401764e-02 2.113769762217998505e-02
3.911038860678672791e-02 2.224558591842651367e-02 2.402693964540958405e-02
4.002182558178901672e-02 2.305869758129119873e-02 2.633615583181381226e-02
4.050365462899208069e-02 2.359849773347377777e-02 2.811438776552677155e-02
4.060643538832664490e-02 2.387785725295543671e-02 2.940923906862735748e-02
4.036747664213180542e-02 2.393160387873649597e-02 3.026822954416275024e-02
3.982373327016830444e-02 2.378221042454242706e-02 3.072130866348743439e-02
3.901016339659690857e-02 2.344173751771450043e-02 3.082709386944770813e-02
3.796445578336715698e-02 2.295168489217758179e-02 3.062897361814975739e-02
3.672184422612190247e-02 2.232092246413230896e-02 3.015480935573577881e-02
3.532499819993972778e-02 2.156822010874748230e-02 2.944781072437763214e-02
3.378757461905479431e-02 2.071059308946132660e-02 2.854895964264869690e-02
3.215584531426429749e-02 1.977788284420967102e-02 2.748338319361209869e-02
3.043745271861553192e-02 1.877679675817489624e-02 2.627949789166450500e-02
2.867813780903816223e-02 1.772793382406234741e-02 2.497750334441661835e-02
2.687339298427104950e-02 1.664559170603752136e-02 2.359384298324584961e-02
2.505611255764961243e-02 1.555071584880352020e-02 2.215418033301830292e-02
2.323621511459350586e-02 1.443765405565500259e-02 2.067562192678451538e-02
2.143494412302970886e-02 1.332555338740348816e-02 1.918893679976463318e-02
1.966791599988937378e-02 1.222444232553243637e-02 1.769939810037612915e-02
1.794150099158287048e-02 1.114047504961490631e-02 1.622074283659458160e-02
1.626061834394931793e-02 1.008674595504999161e-02 1.477288268506526947e-02
1.463842298835515976e-02 9.069463238120079041e-03 1.335614360868930817e-02
1.307897269725799561e-02 8.078641258180141449e-03 1.198910083621740341e-02
1.159407384693622589e-02 7.136814296245574951e-03 1.068565715104341507e-02
1.018232200294733047e-02 6.227520760148763657e-03 9.430404752492904663e-03
8.838901296257972717e-03 5.371000152081251144e-03 8.236869238317012787e-03
7.578050252050161362e-03 4.567791707813739777e-03 7.111447397619485855e-03
6.397175136953592300e-03 3.812733571976423264e-03 6.054885219782590866e-03
5.295042414218187332e-03 3.104987088590860367e-03 5.074459128081798553e-03
4.272161051630973816e-03 2.455260604619979858e-03 4.152541980147361755e-03
3.325750585645437241e-03 1.847517909482121468e-03 3.311267821118235588e-03
2.463858108967542648e-03 1.296246075071394444e-03 2.535808598622679710e-03
1.676904386840760708e-03 7.932121516205370426e-04 1.836227020248770714e-03
9.562859195284545422e-04 3.358063695486634970e-04 1.205858541652560234e-03
3.076112188864499331e-04 -7.004979852354153991e-05 6.367200403474271297e-04
-2.701702760532498360e-04 -4.303372406866401434e-04 1.268648920813575387e-04
-7.816545548848807812e-04 -7.444196380674839020e-04 -3.240808437112718821e-04
-1.232100767083466053e-03 -1.029291190207004547e-03 -7.123102550394833088e-04
-1.615903223864734173e-03 -1.263972255401313305e-03 -1.049099257215857506e-03
-1.952471444383263588e-03 -1.464874716475605965e-03 -1.335428445599973202e-03
-2.238928573206067085e-03 -1.631069811992347240e-03 -1.575124217197299004e-03
-2.469172934070229530e-03 -1.762988278642296791e-03 -1.769472961314022541e-03
-2.658950397744774818e-03 -1.868945546448230743e-03 -1.923729549162089825e-03
-2.799247391521930695e-03 -1.943122246302664280e-03 -2.045274712145328522e-03
-2.906000241637229919e-03 -1.990806078538298607e-03 -2.137111034244298935e-03
-2.978231525048613548e-03 -2.018602099269628525e-03 -2.189064864069223404e-03
-3.020783653482794762e-03 -2.030314644798636436e-03 -2.207486424595117569e-03
-3.036899026483297348e-03 -2.015987411141395569e-03 -2.216439926996827126e-03
-3.032313426956534386e-03 -1.989797223359346390e-03 -2.191083505749702454e-03
-3.003040794283151627e-03 -1.949387136846780777e-03 -2.156157745048403740e-03
-2.948094159364700317e-03 -1.894067740067839622e-03 -2.103206934407353401e-03
-2.870056079700589180e-03 -1.837332500144839287e-03 -2.041133120656013489e-03
-2.780627459287643433e-03 -1.767319045029580593e-03 -1.965481322258710861e-03
-2.678500255569815636e-03 -1.687582815065979958e-03 -1.875979825854301453e-03
-2.571553224697709084e-03 -1.601877622306346893e-03 -1.777983387000858784e-03
-2.448562998324632645e-03 -1.516162184998393059e-03 -1.680727116763591766e-03
-2.331784926354885101e-03 -1.424663583748042583e-03 -1.580553245730698109e-03
-2.201610943302512169e-03 -1.327604055404663086e-03 -1.478154677897691727e-03
-2.072238130494952202e-03 -1.231733127497136593e-03 -1.372532453387975693e-03
-1.936174929141998291e-03 -1.137199578806757927e-03 -1.268776832148432732e-03
-1.800138270482420921e-03 -1.040406175889074802e-03 -1.164331915788352489e-03
-1.660836394876241684e-03 -9.528990485705435276e-04 -1.061453833244740963e-03
-1.527525368146598339e-03 -8.622885216027498245e-04 -9.541514446027576923e-04
-1.394782098941504955e-03 -7.733346428722143173e-04 -8.654972771182656288e-04
-1.267717103473842144e-03 -6.912996177561581135e-04 -7.723364396952092648e-04
-1.140898442827165127e-03 -6.088294903747737408e-04 -6.793168140575289726e-04
-1.021219650283455849e-03 -5.239046877250075340e-04 -5.875365459360182285e-04
-9.095782297663390636e-04 -4.518695350270718336e-04 -5.008331499993801117e-04
-8.001477108336985111e-04 -3.820659185294061899e-04 -4.178500676061958075e-04
-6.944069173187017441e-04 -3.260135126765817404e-04 -3.424381138756871223e-04
-5.935342051088809967e-04 -2.668814850039780140e-04 -2.776103501673787832e-04
-5.002038669772446156e-04 -2.099268604069948196e-04 -2.126953768311068416e-04
-4.129376611672341824e-04 -1.627314777579158545e-04 -1.474801829317584634e-04
-3.350705665070563555e-04 -1.176679943455383182e-04 -8.732320566195994616e-05
-2.619403530843555927e-04 -7.321744487853720784e-05 -3.559513424988836050e-05
-1.915565517265349627e-04 -2.552795740484725684e-05 5.009481355955358595e-06
-1.220493286382406950e-04 1.515903204563073814e-05 4.180520045338198543e-05
-6.543016934301704168e-05 4.341597741586156189e-05 7.277639815583825111e-05
-1.417680232407292351e-05 7.044361700536683202e-05 8.810074359644204378e-05
3.300142270745709538e-05 8.764121594140306115e-05 1.103793620131909847e-04
7.241574348881840706e-05 1.029992345138452947e-04 1.290660584345459938e-04
1.052515362971462309e-04 1.215364754898473620e-04 1.470209972467273474e-04
1.347708166576921940e-04 1.416943268850445747e-04 1.643697323743253946e-04
1.636756496736779809e-04 1.532086316728964448e-04 1.811092224670574069e-04
1.817459124140441418e-04 1.654818333918228745e-04 1.911848812596872449e-04
1.969878358067944646e-04 1.784673077054321766e-04 1.991136814467608929e-04
2.050979674095287919e-04 1.871017884695902467e-04 2.021270920522511005e-04
2.119041018886491656e-04 1.930391445057466626e-04 2.002307592192664742e-04
2.177044225391000509e-04 1.960368390427902341e-04 1.957515632966533303e-04
2.238841989310458302e-04 1.972103782463818789e-04 1.918975613079965115e-04
2.267284289700910449e-04 1.882384967757388949e-04 1.874357112683355808e-04
2.282388450112193823e-04 1.796681171981617808e-04 1.820256147766485810e-04
2.284898655489087105e-04 1.716423430480062962e-04 1.786527718650177121e-04
2.253269922221079469e-04 1.682807924225926399e-04 1.753236720105633140e-04
2.185409393860027194e-04 1.616197259863838553e-04 1.692638179520145059e-04
2.124012680724263191e-04 1.547964784549549222e-04 1.624561409698799253e-04
2.025006833719089627e-04 1.490790309617295861e-04 1.545620179967954755e-04
1.927902339957654476e-04 1.364340860163792968e-04 1.488151756348088384e-04
1.830288820201531053e-04 1.244651357410475612e-04 1.418129249941557646e-04
1.745192275848239660e-04 1.165534340543672442e-04 1.292268570978194475e-04
1.642779971007257700e-04 1.090047808247618377e-04 1.178759266622364521e-04
1.534742914373055100e-04 1.015438974718563259e-04 1.067354533006437123e-04
1.453585718991234899e-04 9.288482397096231580e-05 9.459400462219491601e-05
1.352723193122074008e-04 8.450945460936054587e-05 8.263671770691871643e-05
1.238495751749724150e-04 7.610371540067717433e-05 7.104378892108798027e-05
1.169675597338937223e-04 6.570076220668852329e-05 6.250973819987848401e-05
1.103642862290143967e-04 5.496676385519094765e-05 5.350974242901429534e-05
1.026423633447848260e-04 4.578805237542837858e-05 4.422829442773945630e-05
9.576140291756018996e-05 3.718692460097372532e-05 3.063478288822807372e-05
8.727595559321343899e-05 2.968993976537603885e-05 2.034624776570126414e-05
7.886430103098973632e-05 2.282440618728287518e-05 1.116394651035079733e-05
7.207911403384059668e-05 1.611717561900150031e-05 1.428227164979034569e-06
6.572334677912294865e-05 9.421311915502883494e-06 -1.009148036246187985e-05
5.549574052565731108e-05 1.840433014876907691e-06 -9.695972948975395411e-06
4.663069557864218950e-05 -3.894003384630195796e-06 -1.068660003511467949e-05
3.437792838667519391e-05 -1.066300956154009327e-05 -9.100252100324723870e-06
2.741520256677176803e-05 -1.307916409132303670e-05 -7.719200766587164253e-06
1.942154267453588545e-05 -1.564210469950921834e-05 -6.425310402846662328e-06
1.476485886087175459e-05 -1.617645102669484913e-05 -7.715776519034989178e-06
1.047762816597241908e-05 -1.695723767625167966e-05 -8.639562111056875437e-06
6.400836809916654602e-06 -1.727307790133636445e-05 -1.028614587994525209e-05
2.578090743554639630e-06 -1.745722329360432923e-05 -1.209552010550396517e-05
-8.160249080901849084e-07 -2.029161441896576434e-05 -1.348937166767427698e-05
-4.480526968109188601e-06 -2.055798722722101957e-05 -1.545932536828331649e-05
-7.890274901001248509e-06 -2.338651756872422993e-05 -1.667397373239509761e-05
-1.150830667029367760e-05 -2.387058520980644971e-05 -1.824326500354800373e-05
-1.638287176319863647e-05 -2.467610647727269679e-05 -2.007736475206911564e-05
-2.063511419692076743e-05 -2.522933391446713358e-05 -2.123551348631735891e-05
-2.358041274419520050e-05 -2.479581416992004961e-05 -2.187024074373766780e-05
-2.647827022883575410e-05 -2.469743412802927196e-05 -2.305686575709842145e-05
-3.039324474229943007e-05 -2.518344081181567162e-05 -2.339973616471979767e-05
-3.281349199824035168e-05 -2.561734072514809668e-05 -2.386544110777322203e-05
-3.450139047345146537e-05 -2.571680306573398411e-05 -2.401878191449213773e-05
-3.464254405116662383e-05 -2.621315070427954197e-05 -2.366418266319669783e-05
-3.424194801482371986e-05 -2.587098970252554864e-05 -2.319394661753904074e-05
-3.567862950148992240e-05 -2.487485471647232771e-05 -2.322315049241296947e-05
-3.636720794020220637e-05 -2.543403024901635945e-05 -2.159390169254038483e-05
-3.777245365199632943e-05 -2.646349639690015465e-05 -2.111291541950777173e-05
-3.796650344156660140e-05 -2.738765942922327667e-05 -1.912071093101985753e-05
-3.677579661598429084e-05 -2.287187817273661494e-05 -1.757972313498612493e-05
-3.554572322173044086e-05 -1.652018363529350609e-05 -1.687511939962860197e-05
-3.477975405985489488e-05 -1.823869570216629654e-05 -1.747378519212361425e-05
-3.166198075632564723e-05 -1.997087019844911993e-05 -1.875919770100153983e-05
-2.879301246139220893e-05 -2.155538822989910841e-05 -1.838186835811939090e-05
-2.264631075377110392e-05 -1.848123247327748686e-05 -1.150826301454799250e-05
-1.898913433251436800e-05 -1.818055170588195324e-05 -1.039487233356339857e-05
-1.956806772795971483e-05 -1.742861968523357064e-05 -8.964853805082384497e-06
-2.009691161219961941e-05 -1.615239307284355164e-05 -7.224811270134523511e-06
-1.948178396560251713e-05 -1.621554838493466377e-05 -7.252036994032096118e-06
-1.561091085022781044e-05 -1.638744288356974721e-05 -6.421781563403783366e-06
-1.179420451080659404e-05 -1.663428702158853412e-05 -5.769394647359149531e-06
-1.228100791195174679e-05 -1.562343095429241657e-05 -1.866199568212323356e-06
-1.095136030926369131e-05 -1.523956052551511675e-05 1.467443098590592854e-06
-7.914137313491664827e-06 -1.592107764736283571e-05 3.439610509303747676e-06
-8.785966201685369015e-06 -1.273151974601205438e-05 8.508982318744529039e-06
-7.658960385015234351e-06 -1.191028513858327642e-05 9.783017048903275281e-06
-6.857290827610995620e-06 -1.264769161934964359e-05 9.077127288037445396e-06
-7.357170034083537757e-06 -1.266056096937973052e-05 8.830294973449781537e-06
-7.984877811395563185e-06 -1.257706480828346685e-05 8.814683496893849224e-06
-8.612581041234079748e-06 -1.249356864718720317e-05 8.799072020337916911e-06
-5.617618626274634153e-06 -1.270583561563398689e-05 7.105974418664118275e-06
-6.059630322852171957e-06 -1.046206671162508428e-05 7.692848157603293657e-06
-6.462793407990830019e-06 -9.331054570793639868e-06 8.117619472614023834e-06
-6.865951945655979216e-06 -8.200053343898616731e-06 8.542387149645946920e-06
-6.225556717254221439e-06 -5.786916517536155879e-06 1.057979625329608098e-05
-6.898008450662018731e-06 -5.027973656979156658e-06 1.029024042509263381e-05
-2.967715545310056768e-06 -3.508100462568108924e-06 7.595928764203563333e-06
1.584575784363551065e-06 -1.940774154718383215e-06 7.170120170485461131e-06
2.820333747877157293e-06 -6.229449809325160459e-07 6.862273949082009494e-06
4.056079433212289587e-06 6.948709483367565554e-07 6.554431365657364950e-06
5.013541340304072946e-06 1.063406330104044173e-06 6.030481017660349607e-06
5.970516212983056903e-06 1.433127863492700271e-06 5.508143658516928554e-06
7.102011750248493627e-06 3.022651753781246953e-06 5.691604656021809205e-06
6.486590791610069573e-06 4.077980975125683472e-06 5.520590093510691077e-06
8.169987268047407269e-06 3.588941353882546537e-06 4.857871317653916776e-06
1.004573914542561397e-05 3.093601208092877641e-06 4.561351488518994302e-06
1.198429072246653959e-05 2.727586888795485720e-06 4.051995802001329139e-06
1.323481774306856096e-05 3.413872263990924694e-06 2.001737811951898038e-06
1.483379310229793191e-05 3.690535095302038826e-06 -2.160784440263796569e-09
1.559859083499759436e-05 4.663649178837658837e-06 -1.286266297029214911e-06
1.604549106559716165e-05 5.494106517289765179e-06 -2.699442120501771569e-06
1.678499756962992251e-05 6.377735644491622224e-06 -3.989765900769270957e-06
1.524792878626612946e-05 4.906390586256748065e-06 -3.400816694920649752e-06
1.452725427952827886e-05 5.904000317968893796e-06 -3.835198640445014462e-06
1.346543831459712237e-05 6.835214207967510447e-06 -3.682872602439601906e-06
1.152914046542719007e-05 5.060369858256308362e-06 -6.470552875725843478e-07
1.003870329441269860e-05 5.896295988350175321e-06 -2.194039012692883261e-07
6.651173407590249553e-06 6.821382157795596868e-06 1.995777438423829153e-06
3.114014361926820129e-06 7.623561941727530211e-06 4.424607595865381882e-06
1.525809693703195080e-06 8.785678801359608769e-06 4.611590156855527312e-06
-4.274909315427066758e-08 1.011172662401804700e-05 4.520893071457976475e-06
-1.646983037062454969e-06 1.130380042013712227e-05 4.488253580348100513e-06
-3.907145583070814610e-06 1.268324012926314026e-05 4.981465281161945313e-06
-5.834702278662007302e-06 1.419068030372727662e-05 4.919019374938216060e-06
-6.919688530615530908e-06 1.622514537302777171e-05 5.036696620663860813e-06
-6.471192591561703011e-06 1.872666689450852573e-05 3.926296813006047159e-06
-6.343387212837114930e-06 1.988207441172562540e-05 3.423313273742678575e-06
-6.215582743607228622e-06 2.103747101500630379e-05 2.920334281952818856e-06
-6.555511845363071188e-06 2.168377613998018205e-05 2.829534196280292235e-06
-6.883184141770470887e-06 2.261620102217420936e-05 3.077266228501684964e-06
-7.210555395431583747e-06 2.355099059059284627e-05 3.325352736283093691e-06
-6.931589723535580561e-06 2.332253461645450443e-05 5.792716365249361843e-06
-8.034232450881972909e-06 2.364890679018571973e-05 6.580604804184986278e-06
-7.588341759401373565e-06 2.447328188281971961e-05 5.631215572066139430e-06
-8.137528311635833234e-06 2.514625521143898368e-05 4.781295501743443310e-06
-8.834469554130919278e-06 2.585171023383736610e-05 4.211620307614794001e-06
-8.842682291287928820e-06 2.649088310135994107e-05 3.152088538627140224e-06
-9.066649909073021263e-06 2.685386243683751673e-05 2.819835799527936615e-06
-9.236659934686031193e-06 2.727151149883866310e-05 2.413883976259967312e-06
-7.907579856691882014e-06 2.620689701871015131e-05 1.575249939378409181e-07
-1.022329888655804098e-05 2.382629645580891520e-05 5.240433438302716240e-06
-7.619377811352023855e-06 2.303784640389494598e-05 3.263209691795054823e-06
-6.987837878114078194e-06 2.081592174363322556e-05 3.302322511444799602e-06
-6.928493348823394626e-06 1.862323188106529415e-05 3.674076879178755917e-06
-7.100191851350245997e-06 1.582452568982262164e-05 4.400538273330312222e-06
-6.704396582790650427e-06 1.306618105445522815e-05 4.820346021006116644e-06
-6.232702617126051337e-06 1.028989845508476719e-05 5.309093012328958139e-06
-8.143996637954842299e-06 9.199458872899413109e-06 7.722661393927410245e-06
-9.508006769465282559e-06 8.357083061127923429e-06 9.844015039561782032e-06
-4.047963557241018862e-06 7.112774255801923573e-06 8.176665687642525882e-06
3.113193969284111517e-08 5.596749815595103428e-06 6.693617706332588568e-06
1.976208977794158272e-06 4.033985078422119841e-06 6.410761216102400795e-06
3.997526619059499353e-06 2.507045337551971897e-06 5.847195552632911131e-06
5.853336460859281942e-06 2.008503770412062295e-06 4.816142336494522169e-06
9.407433026353828609e-06 4.951476171299873386e-07 1.393012780681601726e-07
1.152527784142876044e-05 -1.820887860048969742e-06 -1.141474172072776128e-06
1.353008065052563325e-05 -2.645483846208662726e-06 -3.377333996468223631e-06
1.521685499028535560e-05 -3.535624500727863051e-06 -4.765444373333593830e-06
1.421154229319654405e-05 -5.091456387162907049e-06 -5.047410922998096794e-06
1.320624051004415378e-05 -6.647272584814345464e-06 -5.329374289431143552e-06
1.357279870717320591e-05 -7.098371042957296595e-06 -6.849106284789741039e-06
1.389450153510551900e-05 -7.527930392825510353e-06 -8.328551302838604897e-06
1.484293989051366225e-05 -7.688730875088367611e-06 -9.462133675697259605e-06
1.248820808541495353e-05 -8.654425982967950404e-06 -7.975078005983959883e-06
1.069486188498558477e-05 -9.190391210722737014e-06 -6.632824806729331613e-06
8.967087524069938809e-06 -1.016570695355767384e-05 -5.352093921828782186e-06
3.761937023227801546e-06 -1.227171105711022392e-05 -1.097167796615394764e-06
1.054628683050395921e-06 -1.384077859256649390e-05 4.472060197713290108e-07
-2.400264520474593155e-06 -1.593460910953581333e-05 3.162057282679597847e-06
-5.607664661511080340e-06 -1.625254117243457586e-05 4.290051037969533354e-06
-6.922803095221752301e-06 -1.481179151596734300e-05 3.771894171222811565e-06
-7.823077794455457479e-06 -1.291527678404236212e-05 3.433923893680912443e-06
-9.305825187766458839e-06 -1.150656044046627358e-05 3.422947429498890415e-06
-8.383326530747581273e-06 -1.158641862275544554e-05 7.783171440678415820e-07
-7.378746431641047820e-06 -1.186127246910473332e-05 -3.187745107879891293e-07
-6.718714303133310750e-06 -1.327300651610130444e-05 -2.888474227802362293e-06
-7.711192665738053620e-06 -1.185976725537329912e-05 -4.243338025844423100e-06
-6.421088073693681508e-06 -1.267819607164710760e-05 -7.852921953599434346e-06
-7.497801561839878559e-06 -1.052270727086579427e-05 -8.111536772048566490e-06
-5.470319592859596014e-06 -1.199715097754960880e-05 -9.242444320989307016e-06
-5.913344466534908861e-06 -1.352416711597470567e-05 -9.005298124975524843e-06
-6.334771569527219981e-06 -1.519684428785694763e-05 -8.323262591147795320e-06
-4.406760581332491711e-06 -1.612480627954937518e-05 -1.072197756002424285e-05
-3.433033043620525859e-06 -1.448775310564087704e-05 -1.295530091738328338e-05
-3.455457772361114621e-06 -1.544743099657353014e-05 -1.147975035564741120e-05
-1.024527819026843645e-06 -1.540150151413399726e-05 -1.389860153722111136e-05
-1.372361793983145617e-06 -1.661909664107952267e-05 -1.298815277550602332e-05
-2.164488478229031898e-06 -1.766286732163280249e-05 -9.172864338324870914e-06
2.538175181143742520e-07 -1.757991230988409370e-05 -1.157882797997444868e-05
7.761223628222069237e-07 -1.508631612523458898e-05 -1.864748242041969206e-06
1.880367108242353424e-06 -1.240471192431868985e-05 -1.536008653602038976e-06
2.984600541822146624e-06 -9.723135008243843913e-06 -1.207272362080402672e-06
2.366246462770504877e-06 -9.174133083433844149e-06 -1.540016683065914549e-06
1.268862774850276764e-06 -6.903988833073526621e-06 9.174669912681565620e-08
3.489943196655076463e-07 -4.549042387225199491e-06 1.154396841229754500e-06
-1.268508981411287095e-06 -3.080985834458260797e-06 2.365154841754701920e-06
-1.321531271969433874e-06 -1.750058231664297637e-06 3.998900410806527361e-06
-1.070701728167477995e-06 2.474489235737564741e-07 4.750580046675167978e-06
-1.121465402320609428e-06 8.665411428410152439e-07 5.545975454879226163e-06
-1.172228508039552253e-06 1.485627308284165338e-06 6.341363132378319278e-06
-1.240063397744961549e-06 1.336037144028523471e-06 5.399829660746036097e-06
-1.290825366595527157e-06 1.955118705154745840e-06 6.195218702487181872e-06
-1.341586767011904158e-06 2.574193558757542633e-06 6.990600013523362577e-06
-1.212106781167676672e-06 1.778343744263111148e-06 6.586925337614957243e-06
1.271207111130934209e-06 2.870923253794899210e-06 4.424747658049454913e-06
2.967029104183893651e-06 3.990260211139684543e-06 2.294476871611550450e-06
2.007644752666237764e-06 4.671356691687833518e-06 5.049403171142330393e-06
1.075990894605638459e-06 4.601502951118163764e-06 6.546780241478700191e-06
3.884743478010932449e-07 4.160997377766761929e-06 6.828917321399785578e-06
1.487666509092377964e-06 5.309468633640790358e-06 4.282940153643721715e-06
2.169855633837869391e-06 6.101016424508998170e-06 1.317377723353274632e-06
4.271179477655095980e-06 6.699109690089244395e-06 -1.415209567312558647e-06
5.722961759602185339e-06 7.058067694742931053e-06 -1.006585648610780481e-06
5.047474132879870012e-06 6.133743681857595220e-06 2.416513780190143734e-06
5.533920102607225999e-06 4.428446118254214525e-06 1.385434302392241079e-06
6.332063549052691087e-06 3.053428599741891958e-06 7.472461760471560410e-08
6.814926564402412623e-06 1.357203927909722552e-06 -9.690610340840066783e-07
7.208200258901342750e-06 -7.584070260691078147e-08 -2.324063416381250136e-06
7.601469860674114898e-06 -1.508870695943187457e-06 -3.679052497318480164e-06
7.500591436837567016e-06 -2.767832256722613238e-06 -5.054371740698115900e-06
6.826454409747384489e-06 -4.290301149012520909e-06 -5.121117283124476671e-06
2.916855464718537405e-06 -5.631740350509062409e-06 3.267860790856502717e-07
3.169343898434817675e-08 -3.876537448377348483e-06 4.727050395558762830e-07
-2.062046178252785467e-06 -2.746423660937580280e-06 6.894099442433798686e-07
-1.005242097562586423e-06 -1.623460320843150839e-06 1.516599752449110383e-07
-2.662408178366604261e-06 -1.296766072300670203e-07 4.565254982935584849e-07
-1.605597958587168250e-06 9.932604143614298664e-07 -8.122211880845497944e-08
-1.769140226315357722e-06 3.051543444598792121e-07 -5.579323101301270071e-07
-1.932681016114656813e-06 -3.829445915926044108e-07 -1.034637762131751515e-06
-3.589124389691278338e-06 1.109636855289863888e-06 -7.266669399541569874e-07
-4.951396022079279646e-06 1.760485702106961980e-06 -2.793844942061696202e-07
-5.817902547278208658e-06 1.443501219000609126e-06 2.617612153699155897e-07
-6.684400432277470827e-06 1.126520032812550198e-06 8.029014679777901620e-07
-5.719394721381831914e-06 2.324633442185586318e-06 5.439583787847368512e-07
-4.754398105433210731e-06 3.522734687066986226e-06 2.850177622804039856e-07
-3.996718078269623220e-06 2.940428430520114489e-06 -4.158963520239922218e-07
-2.532003236410673708e-06 3.677631639220635407e-06 -7.312788170565909240e-07
-1.894268962132628076e-06 3.176579639330157079e-06 -1.180976255454879720e-06
-3.758018692678888328e-06 4.043160970468306914e-06 4.427527073858072981e-07
-3.000348897330695763e-06 3.460849256953224540e-06 -2.581630269560264423e-07
-2.193135514971800148e-06 1.800787231331923977e-06 -1.065372089215088636e-06
8.200834713534277398e-07 -2.676876142970741057e-08 -3.367855924807372503e-06
-2.014435267483349890e-06 -2.033297732850769535e-06 2.157837343474966474e-06
-9.472811370869749226e-07 -8.313451189678744413e-07 1.564988906466169283e-06
1.224201184868434211e-07 -1.766237460287811700e-06 1.468492428102763370e-06
1.192110516967659350e-06 -2.701120138226542622e-06 1.371997086607734673e-06
1.880132003861945122e-06 -3.182834234394249506e-06 2.176586804125690833e-06
5.095679171063238755e-06 -4.515064574661664665e-06 6.310209528237464838e-07
5.259417775960173458e-06 -5.314886948326602578e-06 -8.134637141665734816e-07
4.717836418421939015e-06 -6.912995104357833043e-06 -7.950698659442423377e-07
4.248594450473319739e-06 -8.105515007628127933e-06 -2.145315193047281355e-06
5.553447863348992541e-06 -7.329653271881397814e-06 -4.974173862137831748e-06
5.005081220588181168e-06 -9.029819011630024761e-06 -5.108138793730176985e-06
5.006722858524881303e-06 -1.044729378918418661e-05 -6.207251772138988599e-06
3.264729684815392829e-06 -1.050581067829625681e-05 -6.321159162325784564e-06
1.521682747807062697e-06 -9.952876098395790905e-06 -4.340407485869945958e-06
